579.94	1.49608	1.67032	1.6726
578.961	1.5092	1.66619	1.62857
577.983	1.53892	1.6127	1.64171
577.004	1.50808	1.65354	1.58604
576.025	1.45045	1.64792	1.69427
575.047	1.48673	1.65272	1.64487
574.068	1.52556	1.65867	1.63907
573.09	1.47414	1.66092	1.66332
572.111	1.44601	1.65771	1.62628
571.133	1.50021	1.67237	1.67278
570.154	1.49242	1.67309	1.6241
569.176	1.46958	1.6049	1.60427
568.197	1.50338	1.68784	1.67646
567.218	1.51527	1.60853	1.66206
566.24	1.51077	1.66711	1.6375
565.261	1.49396	1.72722	1.67515
564.283	1.53187	1.65969	1.68785
563.304	1.45682	1.64693	1.64404
562.326	1.49723	1.61051	1.63247
561.347	1.43843	1.66526	1.62137
560.369	1.51413	1.67112	1.62877
559.39	1.47158	1.64643	1.59811
558.412	1.49368	1.65341	1.61354
557.433	1.50274	1.63324	1.65234
556.454	1.52484	1.62551	1.61539
555.476	1.4915	1.68299	1.65055
554.497	1.53137	1.62698	1.6335
553.519	1.50444	1.66946	1.64384
552.54	1.49001	1.57537	1.62097
551.562	1.51562	1.6617	1.62684
550.583	1.53594	1.61684	1.6534
549.605	1.50131	1.6184	1.62884
548.626	1.48914	1.61638	1.62695
547.647	1.49324	1.64064	1.5686
546.669	1.48511	1.65249	1.6244
545.69	1.51584	1.63105	1.61653
544.712	1.50565	1.62591	1.62879
543.733	1.47398	1.65145	1.66934
542.755	1.48759	1.63639	1.59956
541.776	1.46954	1.57911	1.61841
540.798	1.52977	1.63099	1.57267
539.819	1.54176	1.62837	1.61141
538.84	1.50547	1.62654	1.60682
537.862	1.45974	1.65182	1.55344
536.883	1.50359	1.58213	1.68306
535.905	1.48104	1.5893	1.64222
534.926	1.45055	1.62567	1.60818
533.948	1.51404	1.57956	1.64886
532.969	1.47404	1.5701	1.6075
531.991	1.49156	1.54958	1.63904
531.012	1.44318	1.62337	1.61202
530.033	1.48503	1.63287	1.61763
529.055	1.50453	1.61701	1.61477
528.076	1.5127	1.64637	1.61323
527.098	1.46564	1.58127	1.58427
526.119	1.47121	1.58852	1.5876
525.141	1.45561	1.58847	1.58411
524.162	1.46757	1.62509	1.61887
523.184	1.43555	1.58632	1.63041
522.205	1.47208	1.61634	1.65777
521.226	1.50304	1.5849	1.62443
520.248	1.4786	1.56951	1.56007
519.269	1.42876	1.62457	1.63352
518.291	1.44429	1.6084	1.64156
517.312	1.4311	1.63409	1.6361
516.334	1.48163	1.61814	1.58829
515.355	1.4656	1.64097	1.6103
514.377	1.47891	1.63042	1.56328
513.398	1.43896	1.51441	1.56171
512.42	1.48926	1.60445	1.60612
511.441	1.49912	1.62772	1.52317
510.462	1.46464	1.62388	1.62047
509.484	1.45331	1.61349	1.60033
508.505	1.46348	1.60359	1.57895
507.527	1.46036	1.56741	1.58602
506.548	1.46722	1.61848	1.59728
505.57	1.43842	1.60426	1.59125
504.591	1.4449	1.65806	1.63401
503.613	1.45246	1.57225	1.5608
502.634	1.46767	1.62789	1.63413
501.655	1.43631	1.61901	1.60113
500.677	1.49263	1.60411	1.58147
499.698	1.43624	1.58401	1.55606
498.72	1.44784	1.63157	1.61936
497.741	1.45683	1.6402	1.5478
496.763	1.39866	1.59431	1.62138
495.784	1.39816	1.58245	1.60241
494.806	1.479	1.62182	1.61355
493.827	1.44788	1.65536	1.62575
492.848	1.38486	1.5886	1.54932
491.87	1.45635	1.62808	1.6112
490.891	1.41863	1.6087	1.58242
489.913	1.50046	1.65141	1.58737
488.934	1.42168	1.62909	1.62992
487.956	1.39093	1.58552	1.5967
486.977	1.42867	1.65063	1.63829
485.999	1.50932	1.59502	1.55055
485.02	1.49266	1.58494	1.62332
484.041	1.39407	1.64556	1.53715
483.063	1.4568	1.5983	1.59082
482.084	1.43201	1.57188	1.59661
481.106	1.40652	1.60407	1.56521
480.127	1.40441	1.61139	1.58457
479.149	1.45705	1.61773	1.60832
478.17	1.44374	1.59305	1.54388
477.192	1.42953	1.57459	1.57046
476.213	1.42924	1.6338	1.65158
475.235	1.43419	1.62837	1.63895
474.256	1.50407	1.60796	1.59271
473.277	1.43846	1.59361	1.57154
472.299	1.4199	1.6327	1.65691
471.32	1.45045	1.57858	1.55709
470.342	1.45682	1.6306	1.49045
469.363	1.45892	1.61467	1.62106
468.385	1.43022	1.59062	1.57531
467.406	1.46689	1.59433	1.56084
466.428	1.48443	1.61896	1.62015
465.449	1.44718	1.62617	1.56396
464.47	1.42312	1.56654	1.6043
463.492	1.44468	1.56175	1.56546
462.513	1.52216	1.59845	1.63869
461.535	1.47833	1.59224	1.58984
460.556	1.45311	1.58821	1.61443
459.578	1.47211	1.66841	1.57126
458.599	1.4783	1.61829	1.57516
457.621	1.51782	1.59885	1.5898
456.642	1.43222	1.61481	1.53491
455.663	1.44615	1.60454	1.57902
454.685	1.4269	1.57583	1.62631
453.706	1.52165	1.59492	1.6352
452.728	1.45822	1.57883	1.53326
451.749	1.45044	1.55826	1.57297
450.771	1.4565	1.60519	1.54556
449.792	1.45773	1.61135	1.58944
448.814	1.47193	1.55372	1.56152
447.835	1.43308	1.53083	1.57046
446.856	1.43211	1.6477	1.51312
445.878	1.45329	1.55515	1.50239
444.899	1.44172	1.57825	1.58241
443.921	1.43226	1.6384	1.51472
442.942	1.42958	1.56922	1.57428
441.964	1.42754	1.50342	1.58699
440.985	1.4552	1.62419	1.59003
440.007	1.42375	1.57175	1.52198
439.028	1.44144	1.58932	1.60454
438.049	1.38711	1.59056	1.58202
437.071	1.44492	1.59046	1.51733
436.092	1.41207	1.55941	1.54736
435.114	1.49341	1.56058	1.51386
434.135	1.42825	1.55666	1.49505
433.157	1.4072	1.54119	1.5311
432.178	1.42726	1.55887	1.55896
431.2	1.43769	1.54571	1.57993
430.221	1.42043	1.59649	1.52897
429.243	1.44072	1.55589	1.5037
428.264	1.42735	1.58826	1.52893
427.285	1.37044	1.54835	1.48884
426.307	1.46067	1.57082	1.52953
425.328	1.41694	1.59425	1.54803
424.35	1.40703	1.59421	1.50283
423.371	1.42952	1.52597	1.51527
422.393	1.44572	1.55483	1.57304
421.414	1.42474	1.48892	1.5559
420.436	1.41552	1.50455	1.57105
419.457	1.43395	1.52907	1.5745
418.478	1.43721	1.6031	1.54302
417.5	1.41572	1.52509	1.50204
416.521	1.44084	1.56459	1.52195
415.543	1.45386	1.53953	1.56101
414.564	1.45022	1.47684	1.5884
413.586	1.46318	1.55568	1.54433
412.607	1.41777	1.54656	1.53328
411.629	1.41621	1.50391	1.55898
410.65	1.43676	1.60786	1.51483
409.671	1.41455	1.57383	1.5822
408.693	1.39521	1.53724	1.49975
407.714	1.44812	1.52979	1.54562
406.736	1.47381	1.52634	1.56727
405.757	1.51755	1.53251	1.55224
404.779	1.4522	1.56299	1.59224
403.8	1.53369	1.61384	1.51869
402.822	1.4758	1.53598	1.49594
401.843	1.54679	1.55768	1.59863
400.864	1.51727	1.58511	1.53967
399.886	1.53923	1.58831	1.61474
398.907	1.53772	1.6885	1.63328
397.929	1.62069	1.59906	1.57937
396.95	1.62207	1.66374	1.676
395.972	1.67289	1.68167	1.70525
394.993	1.69211	1.78487	1.74154
394.015	1.72588	1.82448	1.78883
393.036	1.79132	1.86596	1.8179
392.058	1.96783	2.01515	1.91348
391.079	2.1675	2.33223	2.00234
390.1	3.64165	3.46614	3.32666
389.122	2.18258	2.2935	2.70646
388.143	1.66495	1.25136	1.89053
387.165	0.990274	0.954216	1.18109
386.186	0.824108	0.786908	0.852421
385.208	0.685327	0.731755	0.752135
384.229	0.821952	0.757349	0.665312
383.251	0.891007	0.947993	0.7826
382.272	1.03797	1.03272	0.918728
381.293	1.21275	1.2696	1.13008
380.315	1.34993	1.40893	1.33595
379.336	1.61819	1.66623	1.52564
378.358	1.76759	1.84369	1.66206
377.379	1.99391	2.02296	1.91448
376.401	2.18492	2.24914	2.13822
375.422	2.41543	2.47592	2.30033
374.444	2.76089	2.90894	2.64683
373.465	3.19402	4.62956	2.97353
372.486	5.94955	6.56585	5.60134
371.508	6.84624	6.74818	6.44975
370.529	6.57575	6.63542	6.56082
369.551	6.52188	6.53745	6.73388
368.572	6.37553	6.47174	6.53841
367.594	6.38303	6.32437	6.47083
366.615	6.25551	6.14016	6.19251
365.637	5.93663	5.91723	6.01101
364.658	5.82469	5.87741	5.96863
363.679	5.63618	5.59049	5.61303
362.701	5.48125	5.52008	5.65129
361.722	5.25474	5.25899	5.35279
360.744	5.18762	5.13707	5.28195
359.765	5.01157	4.969	5.15185
358.787	4.8104	4.78914	4.85053
357.808	4.62541	4.63328	4.67917
356.83	4.43631	4.43557	4.5478
355.851	4.27689	4.2705	4.39089
354.872	4.18079	4.0888	4.2032
353.894	4.03797	4.03161	4.09619
352.915	3.83895	3.78454	3.91168
351.937	3.6958	3.68342	3.87568
350.958	3.55157	3.54721	3.6328
349.98	3.43558	3.39538	3.42547
349.001	3.2667	3.20488	3.31708
348.023	3.13782	3.11125	3.19643
347.044	2.99337	3.00473	3.05441
346.066	2.8444	2.80573	2.93098
345.087	2.76831	2.73303	2.78048
344.108	2.65543	2.59528	2.67659
343.13	2.49244	2.48547	2.56265
342.151	2.39365	2.40875	2.45448
341.173	2.34235	2.30381	2.34307
340.194	2.16318	2.19191	2.27849
339.216	2.07969	2.13135	2.18731
338.237	2.01351	1.92262	2.06839
337.259	1.93086	1.90303	1.97819
336.28	1.85525	1.86124	1.92564
335.301	1.74668	1.79688	1.88529
334.323	1.69556	1.69377	1.77147
333.344	1.60936	1.65333	1.6764
332.366	1.57943	1.65021	1.63966
331.387	1.50588	1.48582	1.59546
330.409	1.49032	1.46561	1.45271
329.43	1.42852	1.32542	1.42334
328.452	1.31565	1.33143	1.38016
327.473	1.24143	1.3428	1.32061
326.494	1.19305	1.16314	1.25118
325.516	1.11627	1.13791	1.16163
324.537	0.998751	0.979485	1.09412
323.559	0.81937	0.813864	0.927353
322.58	1.49528	1.9113	0.814378
321.602	1.97842	1.58899	2.23421
320.623	1.73629	2.04044	1.18004
319.645	1.66009	1.63013	2.21357
318.666	1.93155	1.85325	1.78708
317.687	1.74922	1.72735	1.63679
316.709	1.69319	1.64711	1.70253
315.73	1.55961	1.55134	1.70247
314.752	1.50198	1.54492	1.68533
313.773	1.60372	1.5139	1.49606
312.795	1.38743	1.47698	1.49474
311.816	1.37529	1.44717	1.40288
310.838	1.39829	1.42738	1.47316
309.859	1.37779	1.30908	1.36504
308.881	1.3177	1.42304	1.46242
307.902	1.31383	1.45371	1.44879
306.923	1.31965	1.42696	1.40726
305.945	1.30046	1.43856	1.42064
304.966	1.30862	1.36975	1.33206
303.988	1.29716	1.36662	1.33161
303.009	1.28931	1.44442	1.3765
302.031	1.30549	1.39046	1.40262
301.052	1.32102	1.41886	1.37067
300.074	1.35177	1.37649	1.33377
