250.493	1.58735
251.472	1.51979
252.452	1.4331
253.431	1.47566
254.411	1.52741
255.391	1.48661
256.37	1.44321
257.35	1.49225
258.329	1.47121
259.309	1.48738
260.288	1.52626
261.268	1.51961
262.248	1.46289
263.227	1.51479
264.207	1.57453
265.186	1.53827
266.166	1.49272
267.145	1.52662
268.125	1.50632
269.104	1.50855
270.084	1.49756
271.064	1.47619
272.043	1.52356
273.023	1.52419
274.002	1.49596
274.982	1.49199
275.961	1.49624
276.941	1.52112
277.921	1.5009
278.9	1.49962
279.88	1.55085
280.859	1.54759
281.839	1.50434
282.818	1.52991
283.798	1.49928
284.778	1.53625
285.757	1.53356
286.737	1.52759
287.716	1.52507
288.696	1.51121
289.675	1.55512
290.655	1.53437
291.635	1.46832
292.614	1.48052
293.594	1.50564
294.573	1.51474
295.553	1.49011
296.532	1.52249
297.512	1.50319
298.491	1.48818
299.471	1.52705
300.451	1.52646
301.43	1.42482
302.41	1.47932
303.389	1.48197
304.369	1.50698
305.348	1.48291
306.328	1.43673
307.308	1.52141
308.287	1.48311
309.267	1.43119
310.246	1.49014
311.226	1.45124
312.205	1.49973
313.185	1.45775
314.165	1.51564
315.144	1.70814
316.124	1.84775
317.103	2.03798
318.083	2.14319
319.062	2.32708
320.042	2.29676
321.021	2.42975
322.001	2.47219
322.981	2.54474
323.96	2.59523
324.94	2.65671
325.919	2.76423
326.899	2.81111
327.878	2.85184
328.858	2.94458
329.838	2.91025
330.817	3.01406
331.797	3.07193
332.776	3.06214
333.756	3.10803
334.735	3.17147
335.715	3.20604
336.695	3.22866
337.674	3.31083
338.654	3.38624
339.633	3.40055
340.613	3.49039
341.592	3.45102
342.572	3.28617
343.552	3.01086
344.531	2.81887
345.511	2.58439
346.49	2.48924
347.47	2.34327
348.449	2.49699
349.429	2.64038
350.408	2.85906
351.388	3.06004
352.368	3.43268
353.347	3.7168
354.327	4.05306
355.306	4.35492
356.286	4.59486
357.265	4.76253
358.245	5.02748
359.225	5.31972
360.204	5.46268
361.184	5.69664
362.163	5.85096
363.143	6.08359
364.122	6.26776
365.102	6.52362
366.082	6.70471
367.061	6.8404
368.041	7.05481
369.02	7.23756
370	7.38128
370.979	7.57985
371.959	7.80855
372.939	7.96884
373.918	8.13145
374.898	8.30111
375.877	8.51378
376.857	8.65738
377.836	8.79097
378.816	8.95602
379.795	9.13875
380.775	9.25382
381.755	9.34221
382.734	9.47171
383.714	9.61869
384.693	9.66571
385.673	9.81649
386.652	9.92965
387.632	10.0541
388.612	10.1735
389.591	10.2642
390.571	10.4016
391.55	10.4986
392.53	10.6443
393.509	10.6834
394.489	10.835
395.469	10.9678
396.448	11.0092
397.428	11.1326
398.407	11.2645
399.387	11.4003
400.366	11.4376
401.346	11.6119
402.325	11.7162
403.305	11.7908
404.285	11.9289
405.264	12.0471
406.244	12.1556
407.223	12.2512
408.203	12.3317
409.182	12.4842
410.162	12.5759
411.142	12.7352
412.121	12.7882
413.101	12.9333
414.08	12.9944
415.06	13.1278
416.039	13.2369
417.019	13.3999
417.999	13.4785
418.978	13.5703
419.958	13.6735
420.937	13.8266
421.917	13.9679
422.896	14.0626
423.876	14.1811
424.856	14.3142
425.835	14.33
426.815	14.5061
427.794	14.6142
428.774	14.6905
429.753	14.8142
430.733	14.9015
431.712	15.0515
432.692	15.1417
433.672	15.2731
434.651	15.4344
435.631	15.5159
436.61	15.6062
437.59	15.7536
438.569	15.8519
439.549	15.9472
440.529	16.0816
441.508	16.1702
442.488	16.3172
443.467	16.3881
444.447	16.5339
445.426	16.612
446.406	16.7685
447.386	16.8479
448.365	16.9506
449.345	17.0972
450.324	17.1176
451.304	17.2491
452.283	17.3868
453.263	17.4909
454.243	17.6004
455.222	17.7335
456.202	17.853
457.181	17.955
458.161	18.0486
459.14	18.1354
460.12	18.3034
461.099	18.2888
462.079	18.3532
463.059	16.729
464.038	14.82
465.018	14.9201
465.997	14.598
466.977	14.7854
467.956	14.8269
468.936	15.0572
469.916	15.3148
470.895	15.5363
471.875	15.5875
472.854	15.6827
473.834	15.8471
474.813	15.9528
475.793	16.1368
476.773	16.2797
477.752	16.4861
478.732	16.579
479.711	16.6137
480.691	16.8585
481.67	16.9264
482.65	17.0539
483.629	17.1113
484.609	17.3001
485.589	17.3891
486.568	17.525
487.548	17.6645
488.527	17.8071
489.507	17.9183
490.486	18.0463
491.466	18.2205
492.446	18.3118
493.425	18.4391
494.405	18.5174
495.384	18.602
496.364	18.695
497.343	18.8961
498.323	19.0167
499.303	19.1239
500.282	19.2338
501.262	19.3398
502.241	19.4381
503.221	19.6016
504.2	19.6592
505.18	19.8339
506.16	19.9312
507.139	20.1008
508.119	20.2008
509.098	20.3541
510.078	20.34
511.057	20.534
512.037	20.6341
513.016	20.7275
513.996	20.8277
514.976	20.8882
515.955	14.888
516.935	3.69548
517.914	1.71951
518.894	1.06843
519.873	1.14469
520.853	1.00587
521.833	1.25583
522.812	1.57128
523.792	1.59817
524.771	1.54824
525.751	1.5828
526.73	1.65795
527.71	1.62413
528.69	1.64937
529.669	1.66695
530.649	1.61239
531.628	1.62852
532.608	1.58607
533.587	1.66976
534.567	1.68081
535.547	1.65289
536.526	1.6375
537.506	1.63952
538.485	1.65789
539.465	1.66618
540.444	1.58516
541.424	1.61637
542.403	1.61105
543.383	1.6323
544.363	1.65875
545.342	1.64775
546.322	1.62633
547.301	1.60044
548.281	1.59438
549.26	1.57199
550.24	1.66543
551.22	1.64227
552.199	1.67264
553.179	1.61117
554.158	1.67839
555.138	1.62844
556.117	1.63232
557.097	1.60185
558.077	1.58588
559.056	1.66593
560.036	1.62018
561.015	1.60563
561.995	1.60968
562.974	1.64961
563.954	1.61078
564.933	1.60393
565.913	1.61851
566.893	1.61396
567.872	1.65414
568.852	1.60489
569.831	1.61553
570.811	1.64875
571.79	1.68804
572.77	1.63731
573.75	1.64906
574.729	1.62224
575.709	1.61935
576.688	1.6373
577.668	1.66111
578.647	1.64128
579.627	1.58975
580.607	1.63687
581.586	1.61855
582.566	1.66807
583.545	1.71012
584.525	1.59585
585.504	1.63786
586.484	1.66619
587.464	1.62499
588.443	1.63139
589.423	1.69252
590.402	1.67651
591.382	1.65548
592.361	1.75435
593.341	1.63
594.32	1.5964
595.3	1.62074
596.28	1.61543
597.259	1.62279
598.239	1.62872
599.218	1.61615
600.198	1.62753
