599.508	1.6286
598.523	1.60587
597.538	1.63544
596.554	1.63468
595.569	1.65926
594.584	1.58012
593.599	1.6076
592.615	1.59262
591.63	1.66275
590.645	1.55191
589.661	1.62015
588.676	1.6371
587.691	1.60513
586.706	1.61528
585.722	1.64432
584.737	1.60598
583.752	1.60731
582.768	1.62552
581.783	1.60586
580.798	1.66058
579.813	1.53119
578.829	1.59511
577.844	1.62305
576.859	1.66287
575.875	1.58241
574.89	1.60143
573.905	1.57503
572.921	1.60705
571.936	1.63055
570.951	1.63856
569.966	1.6283
568.982	1.62996
567.997	1.6386
567.012	1.64684
566.028	1.6448
565.043	1.6578
564.058	1.604
563.073	1.65476
562.089	1.66484
561.104	1.69881
560.119	1.65126
559.135	1.68212
558.15	1.63162
557.165	1.69514
556.18	1.6388
555.196	1.65413
554.211	1.66674
553.226	1.59047
552.242	1.67436
551.257	1.66346
550.272	1.62036
549.287	1.65624
548.303	1.64031
547.318	1.64943
546.333	1.61571
545.349	1.66216
544.364	1.6141
543.379	1.60858
542.395	1.62282
541.41	1.60469
540.425	1.59285
539.44	1.63454
538.456	1.58534
537.471	1.62129
536.486	1.59321
535.502	1.6096
534.517	1.59665
533.532	1.54219
532.547	1.60141
531.563	1.57078
530.578	1.61077
529.593	1.61463
528.609	1.58435
527.624	1.60733
526.639	1.53281
525.654	1.58595
524.67	1.57363
523.685	1.57677
522.7	1.61058
521.716	1.61688
520.731	1.56999
519.746	1.61104
518.762	1.62034
517.777	1.5642
516.792	1.56672
515.807	1.6313
514.823	1.55612
513.838	1.58109
512.853	1.60038
511.869	1.58666
510.884	1.58475
509.899	1.54669
508.914	1.592
507.93	1.58003
506.945	1.60255
505.96	1.59089
504.976	1.53212
503.991	1.52661
503.006	1.60009
502.021	1.57372
501.037	1.53773
500.052	1.5408
499.067	1.57635
498.083	1.51906
497.098	1.57473
496.113	1.54747
495.129	1.56738
494.144	1.57664
493.159	1.48722
492.174	1.55434
491.19	1.55019
490.205	1.57897
489.22	1.58581
488.236	1.55684
487.251	1.54278
486.266	1.57858
485.281	1.5549
484.297	1.53531
483.312	1.5255
482.327	1.55889
481.343	1.53351
480.358	1.51529
479.373	1.62329
478.388	1.60288
477.404	1.54295
476.419	1.5513
475.434	1.59583
474.45	1.52384
473.465	1.52993
472.48	1.60387
471.495	1.62581
470.511	1.58643
469.526	1.61163
468.541	1.56771
467.557	1.59067
466.572	1.54115
465.587	1.56161
464.603	1.58387
463.618	1.58831
462.633	1.61068
461.648	1.56236
460.664	1.54696
459.679	1.57088
458.694	1.57433
457.71	1.6182
456.725	1.53838
455.74	1.54486
454.755	1.55541
453.771	1.58775
452.786	1.61161
451.801	1.5778
450.817	1.64874
449.832	1.53795
448.847	1.59613
447.862	1.59458
446.878	1.61962
445.893	1.53657
444.908	1.58709
443.924	1.60049
442.939	1.57233
441.954	1.57069
440.97	1.59578
439.985	1.55581
439	1.57334
438.015	1.61969
437.031	1.56469
436.046	1.61932
435.061	1.55622
434.077	1.55513
433.092	1.51351
432.107	1.5807
431.122	1.61498
430.138	1.52786
429.153	1.59519
428.168	1.53858
427.184	1.57029
426.199	1.5539
425.214	1.53447
424.229	1.56906
423.245	1.49801
422.26	1.57374
421.275	1.61643
420.291	1.53002
419.306	1.57013
418.321	1.54465
417.337	1.56902
416.352	1.55718
415.367	1.52702
414.382	1.52888
413.398	1.52469
412.413	1.52775
411.428	1.53933
410.444	1.57767
409.459	1.55426
408.474	1.5153
407.489	1.50214
406.505	1.51681
405.52	1.47893
404.535	1.53603
403.551	1.53139
402.566	1.45489
401.581	1.48959
400.596	1.48215
399.612	1.37504
398.627	1.48411
397.642	1.50345
396.658	1.5127
395.673	1.45027
394.688	1.46489
393.703	1.46632
392.719	1.45604
391.734	1.39466
390.749	1.45595
389.765	1.39732
388.78	1.43668
387.795	1.43007
386.811	1.45376
385.826	1.49986
384.841	1.4836
383.856	2.35338
382.872	1.77565
381.887	1.33076
380.902	0.946618
379.918	0.80715
378.933	0.759852
377.948	0.806798
376.963	0.813192
375.979	0.90363
374.994	1.01238
374.009	1.09927
373.025	1.27297
372.04	1.45938
371.055	1.50341
370.07	1.73977
369.086	1.79486
368.101	2.01831
367.116	2.13532
366.132	2.49181
365.147	5.22429
364.162	5.86124
363.178	5.42991
362.193	5.37492
361.208	5.18162
360.223	5.02409
359.239	4.86216
358.254	4.61061
357.269	4.40263
356.285	4.28207
355.3	4.08106
354.315	3.89217
353.33	3.72009
352.346	3.58193
351.361	3.39345
350.376	3.1359
349.392	3.0577
348.407	2.90825
347.422	2.62757
346.437	2.53205
345.453	2.43178
344.468	2.26036
343.483	2.15101
342.499	2.05554
341.514	1.91292
340.529	1.81554
339.545	1.70855
338.56	1.6686
337.575	1.59386
336.59	1.51448
335.606	1.48544
334.621	1.46702
333.636	1.48046
332.652	1.32329
331.667	1.42208
330.682	1.28641
329.697	1.3538
328.713	1.27659
327.728	1.35635
326.743	1.34207
325.759	1.26596
324.774	1.26628
323.789	1.30656
322.804	1.3014
321.82	1.28273
320.835	1.21969
319.85	1.13128
318.866	1.14647
317.881	1.98241
316.896	1.15047
315.911	1.74158
314.927	1.50017
313.942	1.33134
312.957	1.3344
311.973	1.22326
310.988	1.26543
310.003	1.36406
309.019	1.31677
308.034	1.33609
307.049	1.35553
306.064	1.40359
305.08	1.43471
304.095	1.45855
303.11	1.34847
302.126	1.42458
301.141	1.47635
300.156	1.49467
299.171	1.45345
298.187	1.41719
297.202	1.47397
296.217	1.49611
295.233	1.47495
294.248	1.46162
293.263	1.47342
292.278	1.47426
291.294	1.51167
290.309	1.51379
289.324	1.48499
288.34	1.43772
287.355	1.5008
286.37	1.57302
285.386	1.50627
284.401	1.4778
283.416	1.51968
282.431	1.50483
281.447	1.53656
280.462	1.54697
279.477	1.51616
278.493	1.57083
277.508	1.46264
276.523	1.54893
275.538	1.59049
274.554	1.58285
273.569	1.5637
272.584	1.58073
271.6	1.63667
270.615	1.58348
269.63	1.56653
268.645	1.65283
267.661	1.51805
266.676	1.62198
265.691	1.58277
264.707	1.61903
263.722	1.5938
262.737	1.58608
261.753	1.58111
260.768	1.55416
259.783	1.58642
258.798	1.56149
257.814	1.57435
256.829	1.63425
255.844	1.58206
254.86	1.54055
253.875	1.53044
252.89	1.64864
251.905	1.6423
250.921	1.60528
