250.495	1.55225
251.48	1.56147
252.465	1.51784
253.449	1.56415
254.434	1.57753
255.419	1.55622
256.404	1.5798
257.388	1.53872
258.373	1.55942
259.358	1.59459
260.342	1.55458
261.327	1.57989
262.312	1.53693
263.296	1.5422
264.281	1.57325
265.266	1.52673
266.251	1.50157
267.235	1.55502
268.22	1.55601
269.205	1.5637
270.189	1.50152
271.174	1.5496
272.159	1.53487
273.143	1.52606
274.128	1.51901
275.113	1.54899
276.098	1.53286
277.082	1.53101
278.067	1.53229
279.052	1.49521
280.036	1.48582
281.021	1.50284
282.006	1.43062
282.99	1.50049
283.975	1.43767
284.96	1.50219
285.945	1.48555
286.929	1.49682
287.914	1.46175
288.899	1.48937
289.883	1.46714
290.868	1.48122
291.853	1.4892
292.837	1.51277
293.822	1.46727
294.807	1.50237
295.792	1.44444
296.776	1.4981
297.761	1.48463
298.746	1.46597
299.73	1.45574
300.715	1.46052
301.7	1.48699
302.684	1.44863
303.669	1.50791
304.654	1.46947
305.639	1.48879
306.623	1.46606
307.608	1.50143
308.593	1.49499
309.577	1.42961
310.562	1.41016
311.547	1.4101
312.531	1.43028
313.516	1.39587
314.501	1.44252
315.486	1.44255
316.47	1.62386
317.455	1.79686
318.44	1.945
319.424	2.08942
320.409	2.19163
321.394	2.30374
322.378	2.40087
323.363	2.43868
324.348	2.53073
325.333	2.63673
326.317	2.6781
327.302	2.7323
328.287	2.7941
329.271	2.82443
330.256	2.86512
331.241	2.88483
332.225	2.96764
333.21	3.00425
334.195	3.08011
335.18	3.1142
336.164	3.15904
337.149	3.20923
338.134	3.23413
339.118	3.27195
340.103	3.32724
341.088	3.36764
342.072	3.42511
343.057	3.38421
344.042	3.35175
345.027	3.16575
346.011	2.95784
346.996	2.65126
347.981	2.55984
348.965	2.51147
349.95	2.51208
350.935	2.49618
351.919	2.66426
352.904	2.96436
353.889	3.24399
354.874	3.57134
355.858	3.85669
356.843	4.2207
357.828	4.44612
358.812	4.66614
359.797	4.87352
360.782	5.14882
361.766	5.32587
362.751	5.55908
363.736	5.7807
364.721	6.03339
365.705	6.2009
366.69	6.33629
367.675	6.50939
368.659	6.74095
369.644	6.91844
370.629	7.11484
371.613	7.33092
372.598	7.49307
373.583	7.70691
374.568	7.85831
375.552	8.01917
376.537	8.13513
377.522	8.35367
378.506	8.53781
379.491	8.74492
380.476	8.84624
381.46	8.99791
382.445	9.13909
383.43	9.27074
384.415	9.38336
385.399	9.52046
386.384	9.60187
387.369	9.77253
388.353	9.87796
389.338	10.0014
390.323	10.1417
391.307	10.197
392.292	10.291
393.277	10.4193
394.262	10.4801
395.246	10.6701
396.231	10.7336
397.216	10.8719
398.2	10.9694
399.185	11.1174
400.17	11.1838
401.154	11.2968
402.139	11.4421
403.124	11.5286
404.109	11.6267
405.093	11.7234
406.078	11.8114
407.063	11.9794
408.047	12.0425
409.032	12.1982
410.017	12.3015
411.001	12.4133
411.986	12.5496
412.971	12.6855
413.956	12.7548
414.94	12.8762
415.925	12.9792
416.91	13.1087
417.894	13.2288
418.879	13.3159
419.864	13.4087
420.849	13.523
421.833	13.6327
422.818	13.7546
423.803	13.8973
424.787	14.028
425.772	14.1072
426.757	14.2188
427.741	14.331
428.726	14.4526
429.711	14.5412
430.696	14.7187
431.68	14.7934
432.665	14.9024
433.65	14.925
434.634	15.1135
435.619	15.2525
436.604	15.353
437.588	15.4546
438.573	15.5644
439.558	15.6485
440.543	15.7849
441.527	15.868
442.512	15.9558
443.497	16.0702
444.481	16.1826
445.466	16.337
446.451	16.43
447.435	16.4847
448.42	16.7233
449.405	16.79
450.39	16.856
451.374	17.0245
452.359	17.1045
453.344	17.2004
454.328	17.379
455.313	17.4282
456.298	17.4831
457.282	17.6795
458.267	17.8114
459.252	17.8253
460.237	17.9931
461.221	18.0787
462.206	18.1833
463.191	18.2345
464.175	18.3539
465.16	17.0701
466.145	14.6162
467.129	14.6665
468.114	14.5722
469.099	14.8253
470.084	14.7734
471.068	15.0293
472.053	15.1918
473.038	15.4325
474.022	15.4046
475.007	15.6906
475.992	15.7413
476.976	15.9521
477.961	16.0402
478.946	16.3046
479.931	16.2754
480.915	16.4184
481.9	16.5482
482.885	16.7614
483.869	16.8797
484.854	16.9937
485.839	17.1342
486.823	17.2486
487.808	17.3961
488.793	17.4758
489.778	17.5341
490.762	17.7205
491.747	17.8383
492.732	17.9261
493.716	18.1166
494.701	18.1869
495.686	18.3695
496.67	18.4539
497.655	18.5307
498.64	18.6954
499.625	18.8289
500.609	18.9172
501.594	19.0763
502.579	19.1841
503.563	19.2521
504.548	19.3705
505.533	19.5088
506.517	19.64
507.502	19.743
508.487	19.8497
509.472	20.0215
510.456	20.1329
511.441	20.2201
512.426	20.3198
513.41	20.4127
514.395	20.553
515.38	20.6399
516.364	20.7688
517.349	20.8085
518.334	12.6339
519.319	3.19665
520.303	1.48206
521.288	1.26808
522.273	0.855347
523.257	1.14059
524.242	1.51621
525.227	1.59465
526.211	1.55762
527.196	1.56072
528.181	1.66331
529.166	1.62917
530.15	1.70801
531.135	1.62712
532.12	1.66091
533.104	1.65871
534.089	1.66042
535.074	1.66829
536.058	1.70599
537.043	1.67129
538.028	1.62938
539.013	1.70531
539.997	1.66729
540.982	1.6384
541.967	1.64623
542.951	1.68225
543.936	1.65468
544.921	1.61971
545.905	1.63727
546.89	1.67862
547.875	1.66565
548.86	1.69942
549.844	1.64736
550.829	1.61648
551.814	1.66923
552.798	1.6339
553.783	1.62158
554.768	1.6746
555.752	1.6359
556.737	1.65201
557.722	1.62591
558.707	1.68699
559.691	1.60503
560.676	1.57898
561.661	1.63681
562.645	1.6312
563.63	1.58267
564.615	1.60101
565.599	1.61994
566.584	1.62064
567.569	1.65786
568.554	1.60567
569.538	1.65598
570.523	1.62588
571.508	1.60622
572.492	1.65886
573.477	1.58314
574.462	1.64857
575.446	1.62408
576.431	1.66943
577.416	1.60336
578.401	1.63316
579.385	1.64017
580.37	1.58211
581.355	1.57865
582.339	1.63236
583.324	1.6221
584.309	1.72061
585.293	1.6112
586.278	1.60124
587.263	1.59968
588.248	1.63343
589.232	1.60429
590.217	1.65429
591.202	1.64137
592.186	1.62012
593.171	1.6326
594.156	1.62562
595.141	1.67529
596.125	1.65221
597.11	1.56875
598.095	1.65721
599.079	1.59842
600.064	1.60825
