599.521	1.63725
598.563	1.58728
597.604	1.5752
596.646	1.608
595.688	1.63331
594.73	1.55839
593.771	1.58918
592.813	1.58244
591.855	1.5942
590.897	1.60036
589.938	1.64753
588.98	1.64449
588.022	1.67883
587.064	1.6406
586.105	1.58403
585.147	1.57243
584.189	1.6302
583.231	1.58892
582.272	1.62711
581.314	1.5836
580.356	1.5498
579.398	1.6192
578.439	1.62446
577.481	1.67291
576.523	1.53344
575.565	1.58725
574.606	1.58466
573.648	1.63287
572.69	1.57111
571.732	1.62231
570.773	1.64583
569.815	1.63751
568.857	1.57481
567.899	1.62715
566.94	1.61598
565.982	1.60618
565.024	1.58988
564.066	1.59539
563.107	1.59368
562.149	1.5777
561.191	1.63
560.233	1.61917
559.274	1.59808
558.316	1.60085
557.358	1.6402
556.4	1.65644
555.441	1.61807
554.483	1.62536
553.525	1.61429
552.567	1.60783
551.608	1.65482
550.65	1.63515
549.692	1.63388
548.734	1.63469
547.775	1.62287
546.817	1.62658
545.859	1.66316
544.901	1.64214
543.942	1.54813
542.984	1.58491
542.026	1.60224
541.068	1.61753
540.109	1.64531
539.151	1.61624
538.193	1.56015
537.235	1.60992
536.276	1.65251
535.318	1.58688
534.36	1.62092
533.402	1.61002
532.443	1.62708
531.485	1.67807
530.527	1.54585
529.569	1.6018
528.61	1.57513
527.652	1.5755
526.694	1.60835
525.736	1.61246
524.777	1.55026
523.819	1.62561
522.861	1.58523
521.903	1.6001
520.944	1.58033
519.986	1.63869
519.028	1.61634
518.07	1.59982
517.111	1.56415
516.153	1.5972
515.195	1.58503
514.237	1.59125
513.278	1.56934
512.32	1.52344
511.362	1.5657
510.404	1.60023
509.445	1.58513
508.487	1.56075
507.529	1.57721
506.571	1.58226
505.612	1.57944
504.654	1.55687
503.696	1.61688
502.738	1.56049
501.779	1.63579
500.821	1.57561
499.863	1.58588
498.905	1.53081
497.946	1.53489
496.988	1.51453
496.03	1.5066
495.072	1.54759
494.113	1.55603
493.155	1.57666
492.197	1.5444
491.239	1.54104
490.28	1.55211
489.322	1.5318
488.364	1.57848
487.406	1.52444
486.447	1.53368
485.489	1.56368
484.531	1.53488
483.573	1.55639
482.614	1.55659
481.656	1.59006
480.698	1.56896
479.74	1.55337
478.781	1.56256
477.823	1.5324
476.865	1.59118
475.907	1.58977
474.948	1.54305
473.99	1.5687
473.032	1.5697
472.074	1.52144
471.115	1.53203
470.157	1.59158
469.199	1.57559
468.241	1.55783
467.282	1.61128
466.324	1.58637
465.366	1.58533
464.408	1.58905
463.449	1.62549
462.491	1.56673
461.533	1.63257
460.575	1.59748
459.616	1.63642
458.658	1.61854
457.7	1.60977
456.742	1.61679
455.783	1.61135
454.825	1.58891
453.867	1.61053
452.909	1.57839
451.95	1.56448
450.992	1.61604
450.034	1.59204
449.076	1.58749
448.117	1.54865
447.159	1.58653
446.201	1.60201
445.243	1.56361
444.284	1.59289
443.326	1.57251
442.368	1.57718
441.41	1.56764
440.451	1.55754
439.493	1.57913
438.535	1.52122
437.577	1.5908
436.618	1.54161
435.66	1.54789
434.702	1.50565
433.744	1.50525
432.785	1.55038
431.827	1.50232
430.869	1.49281
429.911	1.53826
428.952	1.51789
427.994	1.57235
427.036	1.46201
426.078	1.51305
425.119	1.51552
424.161	1.52445
423.203	1.54787
422.245	1.47922
421.286	1.57268
420.328	1.46688
419.37	1.4838
418.412	1.42577
417.453	1.43313
416.495	1.50867
415.537	1.42783
414.579	1.47851
413.62	1.37925
412.662	1.40945
411.704	1.3852
410.746	1.45619
409.787	1.38461
408.829	1.40457
407.871	1.41407
406.913	1.40429
405.954	1.46926
404.996	1.89638
404.038	2.35889
403.08	1.24153
402.121	1.06417
401.163	0.854023
400.205	0.891404
399.247	0.816963
398.288	0.773125
397.33	0.958491
396.372	1.00487
395.414	1.14329
394.455	1.25939
393.497	1.42935
392.539	1.51848
391.581	1.6716
390.622	1.78114
389.664	1.93493
388.706	2.1455
387.748	2.49797
386.789	4.72647
385.831	5.23939
384.873	5.6575
383.915	5.43223
382.956	5.25169
381.998	5.03623
381.04	4.82612
380.082	4.61978
379.123	4.53044
378.165	4.26753
377.207	4.12444
376.249	3.91058
375.29	3.7088
374.332	3.59333
373.374	3.33326
372.416	3.26934
371.457	3.03198
370.499	2.85639
369.541	2.69805
368.583	2.51302
367.624	2.40673
366.666	2.26686
365.708	2.13427
364.75	2.00041
363.791	1.91442
362.833	1.84153
361.875	1.77154
360.917	1.66824
359.958	1.57982
359	1.55345
358.042	1.43639
357.084	1.47997
356.125	1.36804
355.167	1.36819
354.209	1.41096
353.251	1.29355
352.292	1.32368
351.334	1.27475
350.376	1.30421
349.418	1.29436
348.459	1.28303
347.501	1.29004
346.543	1.29388
345.585	1.27904
344.626	1.24113
343.668	1.23196
342.71	1.11552
341.752	1.07553
340.793	1.97617
339.835	0.996721
338.877	1.83536
337.919	1.38292
336.96	1.33248
336.002	1.39472
335.044	1.27877
334.086	1.31554
333.127	1.34851
332.169	1.21728
331.211	1.3689
330.253	1.42363
329.294	1.40578
328.336	1.40475
327.378	1.40513
326.42	1.36088
325.461	1.46665
324.503	1.45374
323.545	1.43221
322.587	1.45889
321.628	1.42144
320.67	1.44529
319.712	1.46562
318.754	1.45921
317.795	1.42388
316.837	1.46623
315.879	1.41526
314.921	1.48919
313.962	1.47516
313.004	1.5195
312.046	1.49657
311.088	1.50362
310.129	1.47978
309.171	1.51342
308.213	1.46319
307.255	1.4714
306.296	1.44141
305.338	1.46587
304.38	1.47234
303.422	1.45098
302.463	1.47223
301.505	1.46318
300.547	1.50709
299.588	1.47765
298.63	1.53606
297.672	1.47019
296.714	1.46797
295.755	1.46145
294.797	1.53132
293.839	1.47464
292.881	1.4874
291.922	1.48202
290.964	1.48195
290.006	1.49884
289.048	1.50936
288.089	1.44715
287.131	1.48887
286.173	1.51516
285.215	1.46868
284.256	1.49878
283.298	1.48508
282.34	1.5175
281.382	1.47682
280.423	1.51416
279.465	1.47712
278.507	1.56883
277.549	1.55533
276.59	1.57718
275.632	1.58251
274.674	1.55212
273.716	1.59334
272.757	1.5555
271.799	1.57426
270.841	1.53893
269.883	1.54593
268.924	1.58292
267.966	1.47985
267.008	1.52097
266.05	1.59896
265.091	1.55784
264.133	1.47764
263.175	1.55272
262.217	1.51242
261.258	1.54908
260.3	1.56528
259.342	1.58186
258.384	1.56532
257.425	1.50119
256.467	1.52332
255.509	1.56142
254.551	1.51572
253.592	1.55579
252.634	1.54696
251.676	1.50653
250.718	1.56835
