0.1006	1.61331
0.3006	1.59564
0.5006	1.57053
0.7006	1.52515
0.9006	1.45362
1.1006	1.58617
1.3006	1.58573
1.5006	1.4979
1.7006	1.53729
1.9006	1.52272
2.1006	1.54702
2.3006	1.57159
2.5006	1.55039
2.7006	1.51366
2.9006	1.54962
3.1006	1.51205
3.3006	1.54702
3.5006	1.48376
3.7006	1.49916
3.9006	1.48466
4.1006	1.52198
4.3006	1.52804
4.5006	1.51555
4.7006	1.48317
4.9006	1.51873
5.1006	1.4457
5.3006	1.47394
5.5006	1.52536
5.7006	1.4923
5.9006	1.52654
6.1006	1.51425
6.3006	1.50593
6.5006	1.44935
6.7006	1.4716
6.9006	1.48227
7.1006	1.50025
7.3006	1.45298
7.5006	1.40822
7.7006	1.43738
7.9006	1.44022
8.1006	1.45857
8.3006	1.48199
8.5006	1.45043
8.7006	1.45016
8.9006	1.4876
9.1006	1.48745
9.3006	1.40104
9.5006	1.46168
9.7006	1.43311
9.9006	1.44147
10.1006	1.40495
10.3006	1.40535
10.5006	1.44479
10.7006	1.44135
10.9006	1.48234
11.1006	1.44065
11.3006	1.483
11.5006	1.4449
11.7006	1.46438
11.9006	1.48164
12.1006	1.51458
12.3006	1.54031
12.5006	1.49367
12.7006	1.63121
12.9006	1.68101
13.1006	1.78809
13.3006	1.92243
13.5006	2.0599
13.7006	2.19377
13.9006	2.33642
14.1006	2.42336
14.3006	2.57269
14.5006	2.61191
14.7006	2.70284
14.9006	2.74785
15.1006	2.76332
15.3006	2.86338
15.5006	2.88931
15.7006	2.96176
15.9006	2.95627
16.1006	3.06969
16.3006	3.10598
16.5006	3.16129
16.7006	3.16389
16.9006	3.20061
17.1006	3.2435
17.3006	3.31177
17.5006	3.39254
17.7006	3.42102
17.9006	3.5109
18.1006	3.56294
18.3006	3.57435
18.5006	3.59791
18.7006	3.66831
18.9006	3.68572
19.1006	3.71758
19.3006	3.82785
19.5006	3.90886
19.7006	3.92816
19.9006	3.97845
20.1006	4.05555
20.3006	4.19819
20.5006	4.36883
20.7006	4.22363
20.9006	4.35145
21.1006	4.38078
21.3006	4.41921
21.5006	4.54957
21.7006	4.52741
21.9006	4.66342
22.1006	4.72608
22.3006	4.71008
22.5006	4.48944
22.7006	4.04356
22.9006	3.57418
23.1006	3.31987
23.3006	3.28296
23.5006	3.38918
23.7006	3.94771
23.9006	4.71456
24.1006	5.23646
24.3006	5.84951
24.5006	6.48511
24.7006	6.87862
24.9006	7.23654
25.1006	7.57217
25.3006	7.8316
25.5006	8.08926
25.7006	8.33684
25.9006	8.51615
26.1006	8.66199
26.3006	8.93801
26.5006	9.10231
26.7006	9.33549
26.9006	9.50639
27.1006	9.4931
27.3006	9.62489
27.5006	9.72739
27.7006	9.90421
27.9006	9.99063
28.1006	10.0554
28.3006	10.2469
28.5006	10.3202
28.7006	10.4398
28.9006	10.5272
29.1006	10.6559
29.3006	10.7523
29.5006	10.9002
29.7006	10.996
29.9006	11.1261
30.1006	11.2118
30.3006	11.3337
30.5006	11.4598
30.7006	11.5553
30.9006	11.6555
31.1006	11.7283
31.3006	11.8503
31.5006	11.9579
31.7006	12.0566
31.9006	12.2043
32.1006	12.3079
32.3006	12.4242
32.5006	12.5711
32.7006	12.6784
32.9006	12.7699
33.1006	12.8562
33.3006	12.9977
33.5006	13.1274
33.7006	13.1901
33.9006	13.32
34.1006	13.3751
34.3006	13.5403
34.5006	13.6159
34.7006	13.7623
34.9006	13.8624
35.1006	13.9955
35.3006	14.0982
35.5006	14.1854
35.7006	14.3179
35.9006	14.4119
36.1006	14.5424
36.3006	14.6625
36.5006	14.814
36.7006	14.8992
36.9006	14.9617
37.1006	15.0664
37.3006	15.2117
37.5006	15.3617
37.7006	15.4761
37.9006	15.5526
38.1006	15.6681
38.3006	15.7954
38.5006	15.8888
38.7006	15.9643
38.9006	16.1039
39.1006	16.223
39.3006	16.3638
39.5006	16.4521
39.7006	16.5927
39.9006	16.6306
40.1006	16.8284
40.3006	16.8917
40.5006	17.0533
40.7006	17.1415
40.9006	17.22
41.1006	17.4132
41.3006	17.5212
41.5006	17.5653
41.7006	17.6881
41.9006	17.7904
42.1006	17.9239
42.3006	18.0926
42.5006	18.1255
42.7006	18.3184
42.9006	18.3861
43.1006	18.465
43.3006	18.6188
43.5006	18.6735
43.7006	18.7971
43.9006	18.9461
44.1006	18.9934
44.3006	19.2069
44.5006	19.2837
44.7006	19.4331
44.9006	19.509
45.1006	19.5969
45.3006	19.7131
45.5006	19.8509
45.7006	19.9313
45.9006	20.0738
46.1006	20.1556
46.3006	20.3049
46.5006	20.4285
46.7006	20.4835
46.9006	20.5864
47.1006	20.7218
47.3006	20.85
47.5006	20.9495
47.7006	21.0466
47.9006	21.1891
48.1006	21.2589
48.3006	21.3843
48.5006	21.5319
48.7006	21.5688
48.9006	21.7333
49.1006	21.7325
49.3006	21.8671
49.5006	22.0402
49.7006	22.1021
49.9006	22.1285
50.1006	22.0857
50.3006	18.8949
50.5006	17.984
50.7006	17.819
50.9006	18.2197
51.1006	18.2035
51.3006	18.5268
51.5006	18.8641
51.7006	18.9625
51.9006	19.3168
52.1006	19.3619
52.3006	19.6307
52.5006	19.789
52.7006	19.9575
52.9006	20.1182
53.1006	20.2624
53.3006	20.441
53.5006	20.5254
53.7006	20.6813
53.9006	20.7333
54.1006	20.9413
54.3006	21.0266
54.5006	21.136
54.7006	21.3095
54.9006	21.4004
55.1006	21.5599
55.3006	21.6987
55.5006	21.8137
55.7006	21.8891
55.9006	22.0194
56.1006	22.1437
56.3006	22.2226
56.5006	22.3593
56.7006	22.4541
56.9006	22.607
57.1006	22.7153
57.3006	22.9134
57.5006	23.0326
57.7006	23.0967
57.9006	23.219
58.1006	23.27
58.3006	23.3993
58.5006	23.581
58.7006	23.7642
58.9006	23.8278
59.1006	23.9696
59.3006	24.0112
59.5006	24.1943
59.7006	24.306
59.9006	24.3758
60.1006	24.5156
60.3006	24.5985
60.5006	24.7532
60.7006	24.9347
60.9006	24.9756
61.1006	25.0947
61.3006	25.2551
61.5006	25.3139
61.7006	25.4149
61.9006	25.5784
62.1006	25.6465
62.3006	25.7555
62.5006	25.9429
62.7006	26.003
62.9006	19.7185
63.1006	5.12735
63.3006	2.08931
63.5006	1.33447
63.7006	1.09117
63.9006	1.3569
64.1006	1.23548
64.3006	1.41219
64.5006	1.60909
64.7006	1.53895
64.9006	1.6039
65.1006	1.62641
65.3006	1.70872
65.5006	1.6289
65.7006	1.62181
65.9006	1.59135
66.1006	1.65323
66.3006	1.6439
66.5006	1.61963
66.7006	1.60982
66.9006	1.56
67.1006	1.64909
67.3006	1.66881
67.5006	1.66634
67.7006	1.62181
67.9006	1.61778
68.1006	1.6275
68.3006	1.60333
68.5006	1.66294
68.7006	1.61326
68.9006	1.64139
69.1006	1.63895
69.3006	1.59647
69.5006	1.61031
69.7006	1.54516
69.9006	1.63091
70.1006	1.6163
70.3006	1.64245
70.5006	1.58553
70.7006	1.6146
70.9006	1.60726
71.1006	1.58452
71.3006	1.65117
71.5006	1.56574
