0.1006	1.61884
0.3006	1.52333
0.5006	1.52227
0.7006	1.51635
0.9006	1.56846
1.1006	1.58224
1.3006	1.51667
1.5006	1.62431
1.7006	1.5409
1.9006	1.54203
2.1006	1.56978
2.3006	1.5431
2.5006	1.52917
2.7006	1.55488
2.9006	1.59854
3.1006	1.50123
3.3006	1.50594
3.5006	1.51959
3.7006	1.52663
3.9006	1.55711
4.1006	1.50983
4.3006	1.51258
4.5006	1.51042
4.7006	1.52259
4.9006	1.50506
5.1006	1.49939
5.3006	1.5234
5.5006	1.49689
5.7006	1.53219
5.9006	1.49593
6.1006	1.53299
6.3006	1.48909
6.5006	1.49623
6.7006	1.43703
6.9006	1.49807
7.1006	1.50877
7.3006	1.47637
7.5006	1.52403
7.7006	1.48784
7.9006	1.47572
8.1006	1.46475
8.3006	1.48856
8.5006	1.51213
8.7006	1.49383
8.9006	1.46153
9.1006	1.44187
9.3006	1.49979
9.5006	1.44749
9.7006	1.43261
9.9006	1.44373
10.1006	1.48797
10.3006	1.49665
10.5006	1.4775
10.7006	1.48788
10.9006	1.45509
11.1006	1.41648
11.3006	1.44617
11.5006	1.46412
11.7006	1.42916
11.9006	1.39721
12.1006	1.49425
12.3006	1.43717
12.5006	1.51632
12.7006	1.61178
12.9006	1.73273
13.1006	1.81857
13.3006	1.98092
13.5006	2.09737
13.7006	2.24111
13.9006	2.29603
14.1006	2.41866
14.3006	2.5154
14.5006	2.56033
14.7006	2.71308
14.9006	2.71734
15.1006	2.73853
15.3006	2.81913
15.5006	2.89011
15.7006	2.9221
15.9006	2.98815
16.1006	2.97099
16.3006	3.07583
16.5006	3.108
16.7006	3.19089
16.9006	3.2114
17.1006	3.21737
17.3006	3.30004
17.5006	3.37937
17.7006	3.42474
17.9006	3.46672
18.1006	3.49112
18.3006	3.50085
18.5006	3.61909
18.7006	3.69556
18.9006	3.74745
19.1006	3.78763
19.3006	3.7986
19.5006	3.81346
19.7006	3.9652
19.9006	4.01136
20.1006	4.09368
20.3006	4.22557
20.5006	3.99762
20.7006	3.71399
20.9006	3.30645
21.1006	3.12615
21.3006	2.87082
21.5006	2.87016
21.7006	3.10881
21.9006	3.39386
22.1006	3.91852
22.3006	4.43504
22.5006	4.89148
22.7006	5.38046
22.9006	5.63487
23.1006	5.97983
23.3006	6.29373
23.5006	6.50044
23.7006	6.75265
23.9006	6.97733
24.1006	7.13491
24.3006	7.32452
24.5006	7.58759
24.7006	7.78724
24.9006	7.93901
25.1006	8.11423
25.3006	8.34605
25.5006	8.4683
25.7006	8.58883
25.9006	8.80663
26.1006	8.97286
26.3006	9.11833
26.5006	9.22051
26.7006	9.39762
26.9006	9.48338
27.1006	9.63135
27.3006	9.73186
27.5006	9.89286
27.7006	9.99343
27.9006	10.0455
28.1006	10.2008
28.3006	10.3079
28.5006	10.3811
28.7006	10.4966
28.9006	10.6614
29.1006	10.7746
29.3006	10.8583
29.5006	10.8789
29.7006	11.1291
29.9006	11.1455
30.1006	11.3116
30.3006	11.4268
30.5006	11.504
30.7006	11.6079
30.9006	11.6614
31.1006	11.8664
31.3006	11.9069
31.5006	12.0091
31.7006	12.1323
31.9006	12.2573
32.1006	12.4241
32.3006	12.518
32.5006	12.6094
32.7006	12.7348
32.9006	12.8443
33.1006	12.921
33.3006	13.0736
33.5006	13.1905
33.7006	13.2584
33.9006	13.379
34.1006	13.5262
34.3006	13.6169
34.5006	13.7152
34.7006	13.9221
34.9006	13.9463
35.1006	14.04
35.3006	14.1584
35.5006	14.2863
35.7006	14.3567
35.9006	14.4971
36.1006	14.613
36.3006	14.7198
36.5006	14.8478
36.7006	14.9884
36.9006	15.0133
37.1006	15.2252
37.3006	15.2904
37.5006	15.4405
37.7006	15.529
37.9006	15.6424
38.1006	15.7564
38.3006	15.8628
38.5006	15.9912
38.7006	16.1045
38.9006	16.104
39.1006	16.2585
39.3006	16.489
39.5006	16.5417
39.7006	16.6738
39.9006	16.7828
40.1006	16.8779
40.3006	16.9248
40.5006	17.098
40.7006	17.1835
40.9006	17.2957
41.1006	17.4265
41.3006	17.5376
41.5006	17.6739
41.7006	17.7796
41.9006	17.9197
42.1006	17.8853
42.3006	18.1144
42.5006	18.243
42.7006	18.3062
42.9006	18.4008
43.1006	18.5643
43.3006	18.6771
43.5006	18.7767
43.7006	18.8735
43.9006	18.9223
44.1006	19.0335
44.3006	19.2098
44.5006	19.2972
44.7006	19.4305
44.9006	19.5218
45.1006	19.6131
45.3006	19.8137
45.5006	19.8232
45.7006	19.9214
45.9006	20.0173
46.1006	20.0865
46.3006	19.8213
46.5006	16.866
46.7006	16.284
46.9006	16.1087
47.1006	16.2701
47.3006	16.4121
47.5006	16.7127
47.7006	16.8887
47.9006	17.0186
48.1006	17.2309
48.3006	17.4092
48.5006	17.5518
48.7006	17.7566
48.9006	17.8503
49.1006	18.0212
49.3006	18.1537
49.5006	18.298
49.7006	18.4333
49.9006	18.5571
50.1006	18.6486
50.3006	18.8226
50.5006	18.8881
50.7006	19.1094
50.9006	19.1486
51.1006	19.3064
51.3006	19.3862
51.5006	19.5574
51.7006	19.6484
51.9006	19.7798
52.1006	19.8936
52.3006	20.0019
52.5006	20.1419
52.7006	20.268
52.9006	20.3552
53.1006	20.4862
53.3006	20.5883
53.5006	20.6828
53.7006	20.7983
53.9006	20.9386
54.1006	21.0481
54.3006	21.2089
54.5006	21.2917
54.7006	21.4167
54.9006	21.5383
55.1006	21.6847
55.3006	21.7938
55.5006	21.9197
55.7006	22.0605
55.9006	22.0851
56.1006	22.2468
56.3006	22.3058
56.5006	22.4236
56.7006	22.567
56.9006	22.6787
57.1006	22.824
57.3006	22.9384
57.5006	23.0446
57.7006	23.1181
57.9006	12.7666
58.1006	2.88741
58.3006	1.6002
58.5006	1.00812
58.7006	1.19665
58.9006	1.35214
59.1006	1.35926
59.3006	1.50274
59.5006	1.6513
59.7006	1.64282
59.9006	1.61785
60.1006	1.60643
60.3006	1.69307
60.5006	1.69904
60.7006	1.69448
60.9006	1.68854
61.1006	1.66354
61.3006	1.61508
61.5006	1.67486
61.7006	1.7072
61.9006	1.61901
62.1006	1.63041
62.3006	1.64159
62.5006	1.63732
62.7006	1.66994
62.9006	1.62893
63.1006	1.62105
63.3006	1.61132
63.5006	1.64548
63.7006	1.59862
63.9006	1.61351
64.1006	1.64272
64.3006	1.67638
64.5006	1.66746
64.7006	1.58391
64.9006	1.63968
65.1006	1.61061
65.3006	1.64553
65.5006	1.60804
65.7006	1.61886
65.9006	1.61754
66.1006	1.5935
66.3006	1.60833
66.5006	1.61209
66.7006	1.58194
66.9006	1.62661
67.1006	1.63502
67.3006	1.63912
67.5006	1.62929
67.7006	1.60173
67.9006	1.63611
68.1006	1.6405
68.3006	1.6372
68.5006	1.59872
68.7006	1.62852
68.9006	1.61197
69.1006	1.58488
69.3006	1.56422
69.5006	1.59764
69.7006	1.59465
69.9006	1.6485
70.1006	1.63514
70.3006	1.6501
70.5006	1.63594
70.7006	1.66808
