0.1006	1.49507
0.3006	1.44308
0.5006	1.43232
0.7006	1.37567
0.9006	1.43657
1.1006	1.53645
1.3006	1.41146
1.5006	1.43922
1.7006	1.45443
1.9006	1.43556
2.1006	1.41148
2.3006	1.44855
2.5006	1.4135
2.7006	1.47747
2.9006	1.3964
3.1006	1.44986
3.3006	1.43231
3.5006	1.42637
3.7006	1.45037
3.9006	1.4143
4.1006	1.4417
4.3006	1.36726
4.5006	1.46126
4.7006	1.37418
4.9006	1.43521
5.1006	1.43004
5.3006	1.46536
5.5006	1.41135
5.7006	1.39517
5.9006	1.36069
6.1006	1.41773
6.3006	1.40485
6.5006	1.42425
6.7006	1.38802
6.9006	1.43172
7.1006	1.30704
7.3006	1.41496
7.5006	1.37248
7.7006	1.36704
7.9006	1.37696
8.1006	1.38907
8.3006	1.34125
8.5006	1.35897
8.7006	1.37413
8.9006	1.35893
9.1006	1.36182
9.3006	1.38386
9.5006	1.34659
9.7006	1.41618
9.9006	1.41793
10.1006	1.40477
10.3006	1.41424
10.5006	1.34802
10.7006	1.4069
10.9006	1.38176
11.1006	1.43731
11.3006	1.37001
11.5006	1.40617
11.7006	1.47875
11.9006	1.47993
12.1006	1.48938
12.3006	1.50222
12.5006	1.62143
12.7006	1.62928
12.9006	1.7328
13.1006	1.89659
13.3006	2.02749
13.5006	2.17413
13.7006	2.3372
13.9006	2.41481
14.1006	2.56748
14.3006	2.60867
14.5006	2.68956
14.7006	2.69047
14.9006	2.76743
15.1006	2.85162
15.3006	2.85481
15.5006	2.99732
15.7006	3.00046
15.9006	3.03237
16.1006	3.06056
16.3006	3.13725
16.5006	3.13467
16.7006	3.19334
16.9006	3.28684
17.1006	3.30712
17.3006	3.41159
17.5006	3.39352
17.7006	3.44067
17.9006	3.5182
18.1006	3.52645
18.3006	3.62282
18.5006	3.65433
18.7006	3.71501
18.9006	3.7638
19.1006	3.80306
19.3006	3.89345
19.5006	3.92952
19.7006	4.00016
19.9006	4.04339
20.1006	4.15896
20.3006	4.39705
20.5006	4.22323
20.7006	4.3397
20.9006	4.33845
21.1006	4.44411
21.3006	4.51827
21.5006	4.49606
21.7006	4.57867
21.9006	4.6258
22.1006	4.66218
22.3006	4.45007
22.5006	3.92409
22.7006	3.51618
22.9006	3.28808
23.1006	3.18982
23.3006	3.51984
23.5006	3.95671
23.7006	4.59131
23.9006	5.30482
24.1006	5.95316
24.3006	6.47777
24.5006	6.86091
24.7006	7.25216
24.9006	7.51198
25.1006	7.87205
25.3006	8.02964
25.5006	8.26795
25.7006	8.57445
25.9006	8.62763
26.1006	8.87503
26.3006	9.05624
26.5006	9.19867
26.7006	9.38744
26.9006	9.5304
27.1006	9.65526
27.3006	9.76709
27.5006	9.82573
27.7006	9.97926
27.9006	10.0843
28.1006	10.2014
28.3006	10.2824
28.5006	10.4045
28.7006	10.5138
28.9006	10.614
29.1006	10.7662
29.3006	10.8592
29.5006	10.9608
29.7006	11.0921
29.9006	11.188
30.1006	11.2722
30.3006	11.4244
30.5006	11.5273
30.7006	11.6127
30.9006	11.7035
31.1006	11.8835
31.3006	11.9179
31.5006	12.1237
31.7006	12.2171
31.9006	12.2257
32.1006	12.4376
32.3006	12.5889
32.5006	12.5974
32.7006	12.7136
32.9006	12.9074
33.1006	12.9824
33.3006	13.1104
33.5006	13.1873
33.7006	13.3175
33.9006	13.434
34.1006	13.5123
34.3006	13.6373
34.5006	13.7421
34.7006	13.8609
34.9006	13.9643
35.1006	14.0751
35.3006	14.1661
35.5006	14.256
35.7006	14.3957
35.9006	14.4813
36.1006	14.6111
36.3006	14.7557
36.5006	14.8625
36.7006	14.9669
36.9006	15.0778
37.1006	15.2287
37.3006	15.3309
37.5006	15.3972
37.7006	15.5431
37.9006	15.6026
38.1006	15.7224
38.3006	15.8368
38.5006	15.9609
38.7006	16.0434
38.9006	16.17
39.1006	16.2503
39.3006	16.3898
39.5006	16.4673
39.7006	16.6333
39.9006	16.7411
40.1006	16.9119
40.3006	16.9486
40.5006	17.1253
40.7006	17.1732
40.9006	17.3682
41.1006	17.4231
41.3006	17.5515
41.5006	17.6479
41.7006	17.7641
41.9006	17.8689
42.1006	17.9995
42.3006	18.0883
42.5006	18.1802
42.7006	18.375
42.9006	18.4257
43.1006	18.5505
43.3006	18.6206
43.5006	18.8073
43.7006	18.8909
43.9006	18.9954
44.1006	19.1713
44.3006	19.2277
44.5006	19.3123
44.7006	19.4527
44.9006	19.6307
45.1006	19.6774
45.3006	19.8356
45.5006	19.9318
45.7006	19.9989
45.9006	20.1447
46.1006	20.2792
46.3006	20.3856
46.5006	20.4754
46.7006	20.6568
46.9006	20.6899
47.1006	20.8341
47.3006	20.9497
47.5006	21.0432
47.7006	21.0788
47.9006	21.2152
48.1006	21.3303
48.3006	21.4729
48.5006	21.6022
48.7006	21.6687
48.9006	21.8079
49.1006	21.8593
49.3006	22.0111
49.5006	22.1003
49.7006	22.161
49.9006	22.1579
50.1006	20.5209
50.3006	17.9348
50.5006	17.8809
50.7006	18.0734
50.9006	18.2679
51.1006	18.4746
51.3006	18.7541
51.5006	18.963
51.7006	19.1702
51.9006	19.3249
52.1006	19.5833
52.3006	19.803
52.5006	20.011
52.7006	20.0271
52.9006	20.2729
53.1006	20.3606
53.3006	20.5373
53.5006	20.6162
53.7006	20.7439
53.9006	20.8634
54.1006	21.0311
54.3006	21.1226
54.5006	21.2602
54.7006	21.3903
54.9006	21.5372
55.1006	21.6364
55.3006	21.7657
55.5006	21.8151
55.7006	21.9656
55.9006	22.0819
56.1006	22.1877
56.3006	22.368
56.5006	22.4872
56.7006	22.6324
56.9006	22.7702
57.1006	22.8415
57.3006	22.9575
57.5006	23.0932
57.7006	23.1967
57.9006	23.3119
58.1006	23.4075
58.3006	23.5314
58.5006	23.6673
58.7006	23.7814
58.9006	23.8674
59.1006	24.0511
59.3006	24.0955
59.5006	24.3103
59.7006	24.3528
59.9006	24.5251
60.1006	24.6023
60.3006	24.7582
60.5006	24.8157
60.7006	24.9827
60.9006	25.1132
61.1006	25.2323
61.3006	25.3407
61.5006	25.4517
61.7006	25.5356
61.9006	25.6457
62.1006	25.8439
62.3006	25.858
62.5006	26.0538
62.7006	26.1311
62.9006	24.6991
63.1006	8.66794
63.3006	2.73861
63.5006	1.48059
63.7006	1.08307
63.9006	1.21096
64.1006	1.24812
64.3006	1.31974
64.5006	1.53385
64.7006	1.64374
64.9006	1.57263
65.1006	1.60668
65.3006	1.69189
65.5006	1.68211
65.7006	1.64076
65.9006	1.64159
66.1006	1.69313
66.3006	1.65646
66.5006	1.66303
66.7006	1.64649
66.9006	1.63338
67.1006	1.62634
67.3006	1.65087
67.5006	1.59979
67.7006	1.60882
67.9006	1.63897
68.1006	1.63176
68.3006	1.65365
68.5006	1.57877
68.7006	1.62121
68.9006	1.5864
69.1006	1.6078
69.3006	1.66508
69.5006	1.58406
69.7006	1.67766
69.9006	1.62711
70.1006	1.61137
70.3006	1.64972
70.5006	1.69405
70.7006	1.60526
70.9006	1.53038
71.1006	1.56677
71.3006	1.59348
71.5006	1.56878
71.7006	1.67247
71.9006	1.62301
72.1006	1.6335
72.3006	1.60833
72.5006	1.61598
72.7006	1.6428
72.9006	1.6947
73.1006	1.61123
