82.2444	1.53153
82.4444	1.49578
82.6444	1.53698
82.8444	1.52543
83.0444	1.50671
83.2444	1.51664
83.4444	1.498
83.6444	1.49288
83.8444	1.4963
84.0444	1.5227
84.2444	1.52959
84.4444	1.49727
84.6444	1.48467
84.8444	1.52101
85.0444	1.49957
85.2444	1.49636
85.4444	1.55867
85.6444	1.55177
85.8444	1.53551
86.0444	1.50105
86.2444	1.55144
86.4444	1.56284
86.6444	1.53012
86.8444	1.53643
87.0444	1.52446
87.2444	1.51217
87.4444	1.49801
87.6444	1.48555
87.8444	1.53217
88.0444	1.51986
88.2444	1.48959
88.4444	1.53752
88.6444	1.51215
88.8444	1.57641
89.0444	1.49636
89.2444	1.54491
89.4444	1.48386
89.6444	1.49888
89.8444	1.53262
90.0444	1.4906
90.2444	1.51055
90.4444	1.53126
90.6444	1.53936
90.8444	1.52007
91.0444	1.48929
91.2444	1.501
91.4444	1.51742
91.6444	1.49392
91.8444	1.52795
92.0444	1.51923
92.2444	1.49994
92.4444	1.55668
92.6444	1.4434
92.8444	1.49231
93.0444	1.49464
93.2444	1.48984
93.4444	1.51574
93.6444	1.48816
93.8444	1.4438
94.0444	1.52205
94.2444	1.46671
94.4444	1.54766
94.6444	1.48528
94.8444	1.48576
95.0444	1.499
95.2444	1.47002
95.4444	1.49118
95.6444	1.52814
95.8444	1.43568
96.0444	1.47423
96.2444	1.4649
96.4444	1.52109
96.6444	1.47323
96.8444	1.43893
97.0444	1.52554
97.2444	1.4344
97.4444	1.42773
97.6444	1.4849
97.8444	1.47856
98.0444	1.49527
98.2444	1.52718
98.4444	1.49401
98.6444	1.48222
98.8444	1.43103
99.0444	1.45737
99.2444	1.4518
99.4444	1.4692
99.6444	1.44196
99.8444	1.51195
100.044	1.50113
100.244	1.55299
100.444	1.51959
100.644	1.5338
100.844	1.54298
101.044	1.49446
101.244	1.45876
101.444	1.48289
101.644	1.46405
101.844	1.50839
102.044	1.50089
102.244	1.46069
102.444	1.47701
102.644	1.48234
102.844	1.45538
103.044	1.49271
103.244	1.47153
103.444	1.45406
103.644	1.48245
103.844	1.48145
104.044	1.52073
104.244	1.44415
104.444	1.46116
104.644	1.50054
104.844	1.50686
105.044	1.48491
105.244	1.49202
105.444	1.52775
105.644	1.44896
105.844	1.50221
106.044	1.45716
106.244	1.48159
106.444	1.41964
106.644	1.43905
106.844	1.45233
107.044	1.51502
107.244	1.48884
107.444	1.4859
107.644	1.43998
107.844	1.48356
108.044	1.4898
108.244	1.45938
108.444	1.3978
108.644	1.38348
108.844	1.50607
109.044	1.46052
109.244	1.43035
109.444	1.47292
109.644	1.43409
109.844	1.49422
110.044	1.45128
110.244	1.45804
110.444	1.50989
110.644	1.38954
110.844	1.52477
111.044	1.50862
111.244	1.51317
111.444	1.50032
111.644	1.49958
111.844	1.50852
112.044	1.51772
112.244	1.58071
112.444	1.59721
112.644	1.57844
112.844	1.59385
113.044	1.71203
113.244	1.73242
113.444	1.76748
113.644	1.81862
113.844	1.86531
114.044	2.03088
114.244	3.26584
114.444	2.87158
114.644	1.79707
114.844	1.15813
115.044	0.920499
115.244	0.689143
115.444	0.720478
115.644	0.829769
115.844	0.971619
116.044	1.16931
116.244	1.32502
116.444	1.53563
116.644	1.72634
116.844	1.86663
117.044	2.07953
117.244	2.35037
117.444	2.64264
117.644	3.00998
117.844	5.16093
118.044	6.26051
118.244	6.75216
118.444	6.55923
118.644	6.52036
118.844	6.38442
119.044	6.2257
119.244	5.90555
119.444	5.87577
119.644	5.63739
119.844	5.54448
120.044	5.3059
120.244	5.18941
120.444	5.05147
120.644	4.8393
120.844	4.63787
121.044	4.53549
121.244	4.34964
121.444	4.24313
121.644	4.06259
121.844	3.9076
122.044	3.76127
122.244	3.52845
122.444	3.46204
122.644	3.32689
122.844	3.13135
123.044	3.07143
123.244	2.89462
123.444	2.75998
123.644	2.64597
123.844	2.55976
124.044	2.3945
124.244	2.30081
124.444	2.25854
124.644	2.16922
124.844	2.04447
125.044	2.03461
125.244	1.86078
125.444	1.77859
125.644	1.73342
125.844	1.66362
126.044	1.61567
126.244	1.56404
126.444	1.42349
126.644	1.43228
126.844	1.36917
127.044	1.25422
127.244	1.29071
127.444	1.15144
127.644	0.984802
127.844	0.854623
128.044	0.904862
128.244	2.2364
128.444	1.25869
128.644	2.0474
128.844	1.88384
129.044	1.61476
129.244	1.6781
129.444	1.69444
129.644	1.48685
129.844	1.47996
130.044	1.48594
130.244	1.48958
130.444	1.37529
130.644	1.38707
130.844	1.32608
131.044	1.35617
131.244	1.36939
131.444	1.32822
131.644	1.33061
131.844	1.37046
132.044	1.34008
132.244	1.32562
132.444	1.27251
132.644	1.35961
132.844	1.25171
133.044	1.31351
133.244	1.36824
133.444	1.309
133.644	1.32778
133.844	1.32059
134.044	1.36278
134.244	1.36996
134.444	1.34156
134.644	1.30947
134.844	1.30495
135.044	1.3422
135.244	1.28266
135.444	1.30304
135.644	1.33022
135.844	1.35214
136.044	1.36829
136.244	1.30796
136.444	1.37111
136.644	1.28973
136.844	1.27608
137.044	1.2991
137.244	1.34411
137.444	1.33866
137.644	1.32655
137.844	1.34595
138.044	1.27303
138.244	1.36655
138.444	1.38914
138.644	1.31806
138.844	1.37262
139.044	1.30661
139.244	1.36083
139.444	1.37473
139.644	1.3709
139.844	1.33044
140.044	1.35033
140.244	1.32687
140.444	1.38484
140.644	1.39137
140.844	1.36757
141.044	1.3833
141.244	1.36833
141.444	1.44573
141.644	1.48727
141.844	1.39622
142.044	1.42148
142.244	1.48151
142.444	1.43644
142.644	1.44343
142.844	1.46939
143.044	1.5319
143.244	1.41081
143.444	1.4088
143.644	1.45261
143.844	1.441
144.044	1.54125
144.244	1.49066
144.444	1.43845
144.644	1.37384
144.844	1.44729
145.044	1.44647
145.244	1.37715
145.444	1.48562
145.644	1.46342
145.844	1.48132
146.044	1.4358
146.244	1.4748
146.444	1.44635
146.644	1.39639
146.844	1.40651
147.044	1.44442
147.244	1.45723
147.444	1.41354
147.644	1.3996
147.844	1.45392
148.044	1.43518
148.244	1.40095
148.444	1.40104
148.644	1.44485
148.844	1.41293
149.044	1.42626
149.244	1.45155
149.444	1.41736
149.644	1.45397
149.844	1.42258
150.044	1.46942
150.244	1.42742
150.444	1.46774
150.644	1.39331
150.844	1.44588
151.044	1.40612
151.244	1.43577
151.444	1.41552
151.644	1.39197
151.844	1.40575
152.044	1.44842
152.244	1.40909
152.444	1.37614
152.644	1.42454
152.844	1.41062
153.044	1.37414
153.244	1.39829
153.444	1.42261
153.644	1.4077
153.844	1.43875
154.044	1.396
154.244	1.48543
154.444	1.40266
154.644	1.44906
154.844	1.47563
155.044	1.40247
155.244	1.46657
155.444	1.48823
155.644	1.41873
155.844	1.4724
156.044	1.43067
156.244	1.45363
156.444	1.4523
156.644	1.44869
156.844	1.43826
157.044	1.45623
157.244	1.36862
157.444	1.41845
157.644	1.46054
157.844	1.44254
158.044	1.43878
158.244	1.4273
158.444	1.43506
158.644	1.42459
158.844	1.46205
159.044	1.44291
159.244	1.44808
159.444	1.42186
159.644	1.38512
159.844	1.39714
160.044	1.42249
160.244	1.37091
160.444	1.40814
160.644	1.43321
160.844	1.43223
161.044	1.41232
161.244	1.44396
161.444	1.41275
161.644	1.42441
161.844	1.43617
162.044	1.38549
162.244	1.40228
162.444	1.40687
162.644	1.37546
162.844	1.39373
163.044	1.36881
163.244	1.42409
163.444	1.46018
163.644	1.42366
163.844	1.41901
164.044	1.37409
