43.3	0.03205796355038352
43.32557781201849	0.033379002262617176
43.35115562403698	0.03515080684431298
43.37673343605547	0.03717653956695027
43.40231124807396	0.03939803758423372
43.42788906009245	0.04134658307195459
43.45346687211094	0.043540859694205666
43.47904468412943	0.045859985526407965
43.50462249614792	0.048515553939075785
43.53020030816641	0.05094218703699324
43.5557781201849	0.053513309441432864
43.58135593220339	0.05667557779753721
43.60693374422188	0.05907142011776687
43.63251155624037	0.06120045588277779
43.65808936825886	0.06342560492290972
43.68366718027735	0.06565983718110677
43.70924499229584	0.06768254721761909
43.73482280431433	0.06934858409082156
43.76040061633282	0.07106076515706808
43.78597842835131	0.07279273489096681
43.8115562403698	0.0744216912495881
43.837134052388286	0.07568809312615954
43.862711864406776	0.0768701484710617
43.888289676425266	0.078005950051543
43.913867488443756	0.0789803909114154
43.939445300462246	0.07973252149605389
43.965023112480736	0.08032719781129996
43.990600924499226	0.08103968439235167
44.016178736517716	0.08139942558143644
44.041756548536206	0.08154799464947307
44.067334360554696	0.08147107891777698
44.092912172573186	0.08122017837303148
44.118489984591676	0.0813273783000921
44.144067796610166	0.08129207684368793
44.169645608628656	0.08114161400132448
44.195223420647146	0.08131562445462431
44.220801232665636	0.08142783906256698
44.246379044684126	0.08138871874420354
44.271956856702616	0.08148784263132731
44.297534668721106	0.08169239198026952
44.323112480739596	0.08173012470842292
44.348690292758086	0.08191715327291034
44.374268104776576	0.08218011375882155
44.399845916795066	0.08240876341073586
44.425423728813556	0.08241009798534699
44.451001540832046	0.08272299216745392
44.476579352850536	0.0829845025594306
44.502157164869026	0.08319689547052823
44.527734976887515	0.08316647418191457
44.553312788906005	0.08334510353363742
44.578890600924495	0.08395990144497388
44.604468412942985	0.08407499417036812
44.630046224961475	0.08393232664084152
44.655624036979965	0.08448481939898968
44.681201848998455	0.0851874731152389
44.706779661016945	0.08504519558953551
44.732357473035435	0.0850229321687406
44.757935285053925	0.0856873862633729
44.783513097072415	0.08597085948392472
44.809090909090905	0.08582133947947296
44.834668721109395	0.0859326923351269
44.860246533127885	0.08642935322306412
44.885824345146375	0.08663562752912349
44.911402157164865	0.08645399678965028
44.936979969183355	0.086798657240749
44.962557781201845	0.0873364884319603
44.988135593220335	0.08734401141796223
45.013713405238825	0.08733182422587327
45.039291217257315	0.0879464027425546
45.064869029275805	0.08815643610481225
45.090446841294295	0.08799488145312671
45.116024653312785	0.08845145931384206
45.141602465331275	0.08894843206541338
45.167180277349765	0.08885906004873823
45.192758089368255	0.08887105367649006
45.218335901386745	0.0893195226675397
45.243913713405234	0.08941594144368666
45.269491525423724	0.08950745227999388
45.295069337442214	0.08989725040594973
45.320647149460704	0.09011091887641438
45.346224961479194	0.09035593299339638
45.371802773497684	0.09077371289394869
45.397380585516174	0.09093645580257632
45.422958397534664	0.09125845969480033
45.448536209553154	0.09160831340711911
45.474114021571644	0.09157365057081966
45.499691833590134	0.09182969982865641
45.525269645608624	0.09231674957286701
45.550847457627114	0.09236519450256299
45.576425269645604	0.09252154152814794
45.602003081664094	0.0930368706011875
45.627580893682584	0.09306424824271464
45.653158705701074	0.09288609699478219
45.678736517719564	0.09338671872090325
45.704314329738054	0.09350272251795322
45.729892141756544	0.09337892963273332
45.755469953775034	0.0940872331196642
45.781047765793524	0.09444464067534405
45.806625577812014	0.09418234964123164
45.832203389830504	0.09483107945000394
45.857781201848994	0.09515214087966442
45.883359013867484	0.09479534946196179
45.908936825885974	0.09526929482344883
45.93451463790446	0.09547300704400674
45.96009244992295	0.09519009198507407
45.98567026194144	0.09579215374879456
46.01124807395993	0.09618394951507817
46.03682588597842	0.09587760860726145
46.06240369799691	0.09638609663784187
46.0879815100154	0.09669855403804409
46.11355932203389	0.09656341221306967
46.13913713405238	0.09720417083868779
46.16471494607087	0.09759581652950511
46.19029275808936	0.097637266126285
46.21587057010785	0.09813237071761922
46.24144838212634	0.09831851163177985
46.26702619414483	0.0982839629686359
46.29260400616332	0.09862187514971325
46.31818181818181	0.09873922399224139
46.3437596302003	0.09885320981813014
46.36933744221879	0.09907124233453055
46.39491525423728	0.09934549051700656
46.42049306625577	0.0996894355972665
46.44607087827426	0.09986637835273546
46.47164869029275	0.10023911535148677
46.49722650231124	0.10051229490117955
46.52280431432973	0.1004775752709938
46.54838212634822	0.10102069113835402
46.57395993836671	0.10111537740374288
46.5995377503852	0.101053608654087
46.62511556240369	0.10179856637824337
46.65069337442218	0.10166163212890209
46.67627118644067	0.10194037632080949
46.70184899845916	0.1025526016242902
46.72742681047765	0.10225908136785222
46.75300462249614	0.1028671881995599
46.77858243451463	0.10325182732961646
46.80416024653312	0.1029489624754561
46.82973805855161	0.10393316723721044
46.8553158705701	0.10387908593960023
46.88089368258859	0.10398754782007935
46.90647149460708	0.10456425126311941
46.93204930662557	0.10420407846322098
46.95762711864406	0.10490646143380082
46.98320493066255	0.10522610967865728
47.00878274268104	0.10495625448282228
47.03436055469953	0.10582945239615119
47.05993836671802	0.10568996568688392
47.08551617873651	0.10587882385531631
47.111093990755	0.10656699381067829
47.13667180277349	0.10636052486791314
47.16224961479198	0.10702106166754277
47.18782742681047	0.10697447223674424
47.21340523882896	0.10721173220960646
47.23898305084745	0.10785317460681103
47.26456086286594	0.10785040485221242
47.29013867488443	0.10825282873613107
47.31571648690293	0.10851955429406396
47.34129429892141	0.10875243202167478
47.36687211093991	0.10911738771030474
47.39244992295839	0.10939470010806718
47.41802773497689	0.10983888721923327
47.44360554699537	0.10998297019025767
47.46918335901387	0.11038818095332459
47.49476117103235	0.11053073258757531
47.52033898305085	0.11091466194311907
47.54591679506933	0.11097128729257642
47.57149460708783	0.11139771106418805
47.59707241910631	0.11200870484051821
47.62265023112481	0.11192919438555379
47.64822804314329	0.11267207792916428
47.67380585516179	0.1125627931698674
47.69938366718027	0.1133831813427345
47.72496147919877	0.11359586417768568
47.75053929121725	0.1135454667990919
47.77611710323575	0.11447401322141845
47.80169491525423	0.11419161784152373
47.82727272727273	0.11508538456792912
47.85285053929121	0.1150920260096602
47.87842835130971	0.11560720780543435
47.90400616332819	0.11616860891507597
47.92958397534669	0.11596185060192468
47.95516178736517	0.11708742011626241
47.98073959938367	0.11671758981117018
48.00631741140215	0.11765900234136853
48.03189522342065	0.11779196631264034
48.05747303543913	0.11839420593184634
48.08305084745763	0.11884940731663013
48.10862865947611	0.11877439279871359
48.13420647149461	0.11977957514906593
48.15978428351309	0.11964215433032561
48.18536209553159	0.12060851619165004
48.21093990755007	0.12057163275541757
48.23651771956857	0.12112848438784378
48.26209553158706	0.12143349309639195
48.28767334360555	0.12173431072684625
48.31325115562404	0.12219975231447151
48.33882896764253	0.12246569975877152
48.36440677966102	0.12287645398417313
48.38998459167951	0.12308907753588814
48.415562403698	0.12360626318604215
48.44114021571649	0.12397042108877758
48.46671802773498	0.12423856967080264
48.49229583975347	0.12459485949487967
48.51787365177196	0.12517212050419368
48.54345146379045	0.12532066921732843
48.56902927580894	0.12574157375826742
48.59460708782743	0.12584388619319425
48.62018489984592	0.12680326629035865
48.64576271186441	0.126643245041091
48.6713405238829	0.12743981013195735
48.69691833590139	0.1269668854594914
48.72249614791988	0.12796841943944934
48.74807395993837	0.1279079686498576
48.77365177195686	0.12860994069970855
48.79922958397535	0.12860431846730616
48.82480739599384	0.1293987166550506
48.85038520801233	0.1297647086298602
48.87596302003082	0.12995798252303625
48.90154083204931	0.1304153386708131
48.9271186440678	0.13057837272642206
48.95269645608629	0.13154362758114233
48.97827426810478	0.13144521756703562
49.003852080123266	0.13232375919646672
49.029429892141756	0.13201264385867625
49.055007704160246	0.13321899710082988
49.080585516178736	0.13293557119570676
49.106163328197226	0.13396478392931896
49.131741140215716	0.13352142537872644
49.157318952234206	0.13455797535820693
49.182896764252696	0.1345194578204817
49.208474576271186	0.1354919300753262
49.234052388289676	0.1352714872453543
49.259630200308166	0.1360737816109971
49.285208012326656	0.1362636945629216
49.310785824345146	0.1370386105936924
49.336363636363636	0.13698745126839862
49.361941448382126	0.1375482389768912
49.387519260400616	0.13790569846530953
49.413097072419106	0.13855953234458715
49.438674884437596	0.1388187151621744
49.464252696456086	0.13914162701364274
49.489830508474576	0.13972500812235114
49.515408320493066	0.14017112573322643
49.540986132511556	0.140866472383838
49.566563944530046	0.1410356488875573
49.592141756548536	0.14182648941969161
49.617719568567026	0.14189714889664773
49.643297380585516	0.14306414956274208
49.668875192604006	0.14297289015874
49.694453004622495	0.14396285228012978
49.720030816640985	0.1437708840945729
49.745608628659475	0.1451405692937998
49.771186440677965	0.14505512664612716
49.796764252696455	0.14624416508258328
49.822342064714945	0.1460551659688779
49.847919876733435	0.14735105306580465
49.873497688751925	0.14718594862545517
49.899075500770415	0.1484447682531099
49.924653312788905	0.148505804458369
49.950231124807395	0.14937461140031305
49.975808936825885	0.14957175587690857
50.001386748844375	0.15003386843960112
50.026964560862865	0.1505454010638308
50.052542372881355	0.15076858340456334
50.078120184899845	0.15178280808000585
50.103697996918335	0.15183270688668762
50.129275808936825	0.1529323133427196
50.154853620955315	0.15255033971548776
50.180431432973805	0.1538661809917939
50.206009244992295	0.15379247977171717
50.231587057010785	0.15495924765848296
50.257164869029275	0.15474587425608294
50.282742681047765	0.1556338829969187
50.308320493066255	0.1559323460893786
50.333898305084745	0.1564688464654394
50.359476117103235	0.15707325029666458
50.385053929121725	0.15763142950947923
50.410631741140215	0.15821186149142627
50.436209553158704	0.15857444836661116
50.461787365177194	0.15923697090748837
50.487365177195684	0.15995130755184714
50.512942989214174	0.1604412131042703
50.538520801232664	0.1612550969327422
50.564098613251154	0.1616311889172065
50.589676425269644	0.16232584543879724
50.615254237288134	0.1628458453971955
50.640832049306624	0.16335190127122598
50.666409861325114	0.16436622490307828
50.691987673343604	0.16426353177462938
50.717565485362094	0.16549080426495905
50.743143297380584	0.16545241448393036
50.768721109399074	0.1667398396370536
50.794298921417564	0.16697125554870837
50.819876733436054	0.16766725550562223
50.845454545454544	0.16873004915242315
50.871032357473034	0.1684950419809546
50.896610169491524	0.16991843812300184
50.922187981510014	0.16961488996378393
50.947765793528504	0.17110357460025866
50.973343605546994	0.1711422885999913
50.998921417565484	0.17161950432549328
51.024499229583974	0.17288633509801846
51.050077041602464	0.17281518155763995
51.075654853620954	0.17442845022467898
51.101232665639444	0.17414800695180851
51.12681047765793	0.17538630364486757
51.15238828967642	0.1759022866816446
51.17796610169491	0.1762363755316417
51.2035439137134	0.1776528693673744
51.22912172573189	0.17745903783338252
51.25469953775038	0.17868155346428546
51.28027734976887	0.17923089105562917
51.30585516178736	0.1798883569621162
51.33143297380585	0.18087649731437921
51.35701078582434	0.180990009570578
51.38258859784283	0.18211704012227464
51.40816640986132	0.18276599132676907
51.43374422187981	0.1834356806925064
51.4593220338983	0.18419599793100191
51.48489984591679	0.1848317917937548
51.51047765793528	0.18549123952467172
51.53605546995377	0.18629338342839205
51.56163328197226	0.18674442279188755
51.58721109399075	0.18738470655442444
51.61278890600924	0.18860219265842054
51.63836671802773	0.18891784618760024
51.66394453004622	0.19009470124602354
51.68952234206471	0.19079448704713062
51.7151001540832	0.19112610526072543
51.74067796610169	0.19264967311356104
51.76625577812018	0.19276344915257798
51.79183359013867	0.19370625101936517
51.81741140215716	0.1947663914145843
51.84298921417565	0.19459017260166955
51.86856702619414	0.19641632737845668
51.89414483821263	0.19676756061428372
51.91972265023112	0.19730641573388888
51.94530046224961	0.1990863532053701
51.9708782742681	0.19887439507335017
51.99645608628659	0.20037203388317867
52.02203389830508	0.20164199572084357
52.04761171032357	0.20145118896150926
52.07318952234206	0.20350757779025053
52.09876733436055	0.20410795532536613
52.12434514637904	0.20442409337283238
52.14992295839753	0.20619260352677693
52.17550077041602	0.20622586579338195
52.20107858243451	0.20724565458576746
52.226656394453	0.20874593562717073
52.25223420647149	0.20901651025202986
52.27781201848998	0.2106265690398566
52.30338983050847	0.2117618689613724
52.32896764252696	0.21229112052732116
52.35454545454545	0.213990363949774
52.38012326656394	0.21483832275766576
52.40570107858243	0.2156556554687396
52.43127889060092	0.21698918777081178
52.45685670261941	0.21784062391963555
52.4824345146379	0.21873281530624056
52.50801232665639	0.21983931773322973
52.53359013867488	0.2208882806986108
52.55916795069337	0.22195141189676926
52.58474576271186	0.22290705913978176
52.61032357473035	0.22405414880905772
52.63590138674884	0.22490280209676822
52.66147919876733	0.2257498176967563
52.68705701078582	0.22741452297354645
52.71263482280431	0.2282730734763957
52.7382126348228	0.22930725079430014
52.76379044684129	0.23114977591037086
52.78936825885978	0.2315562412711512
52.81494607087827	0.2322105698190055
52.84052388289676	0.23411521086472165
52.86610169491525	0.23447076041893106
52.89167950693374	0.23532591265536282
52.91725731895223	0.2374551732482273
52.94283513097072	0.23790012339440791
52.96841294298921	0.23855444980839066
52.9939907550077	0.24113910452472148
53.01956856702619	0.24181054396946994
53.04514637904468	0.24231822862392102
53.07072419106317	0.24462149584772713
53.09630200308166	0.24528174214549087
53.12187981510015	0.24562591910098877
53.14745762711864	0.24795038172309608
53.17303543913713	0.24929684684128067
53.19861325115562	0.24951905108496594
53.22419106317411	0.2515641311404496
53.2497688751926	0.2530352171533258
53.27534668721109	0.2532732585374007
53.30092449922958	0.2550258199131393
53.32650231124807	0.25692240088811397
53.35208012326656	0.2576290262510191
53.37765793528505	0.25887640862804795
53.40323574730354	0.2605657407968199
53.42881355932203	0.2616426236570361
53.45439137134052	0.2627601365974808
53.47996918335901	0.26441888303849975
53.5055469953775	0.26595829481220024
53.53112480739599	0.26731045589711533
53.55670261941448	0.2687575859332823
53.58228043143297	0.2704342826557403
53.60785824345146	0.27209933327545016
53.63343605546995	0.2732988748962939
53.65901386748844	0.2743953160173508
53.68459167950693	0.27621268633983986
53.71016949152542	0.27792457325071734
53.73574730354391	0.27884233236990924
53.7613251155624	0.28053613972377517
53.78690292758089	0.28312098026202404
53.81248073959938	0.28440301432698806
53.83805855161787	0.28521688349028057
53.86363636363636	0.28760808349385536
53.88921417565485	0.2894924012219874
53.91479198767334	0.28987052578677575
53.94036979969183	0.2916118899575945
53.96594761171032	0.2945356763924205
53.99152542372881	0.2958813514926636
54.0171032357473	0.2965097268377753
54.04268104776579	0.2991242805292412
54.06825885978428	0.301769315625793
54.09383667180277	0.3023316740126646
54.11941448382126	0.3034131434543686
54.14499229583975	0.30651216420617544
54.17057010785824	0.30877586503305193
54.19614791987673	0.3093242536399666
54.22172573189522	0.3115396248212394
54.24730354391371	0.31457139087009556
54.2728813559322	0.31612345978769674
54.29845916795069	0.3173086480449925
54.32403697996918	0.3192749988143757
54.34961479198767	0.321971647013944
54.37519260400616	0.3238337267355506
54.40077041602465	0.325171185244967
54.42634822804314	0.3279784720136329
54.45192604006163	0.33066064733892203
54.47750385208012	0.33264002812243765
54.50308166409861	0.33468942217799474
54.5286594761171	0.33649992766338405
54.55423728813559	0.3386755485325874
54.57981510015408	0.3409342977808508
54.60539291217257	0.34290450633409614
54.63097072419106	0.34527744745127514
54.65654853620955	0.3474937867008757
54.68212634822804	0.34999862722982644
54.70770416024653	0.3529816493932172
54.73328197226502	0.3545378718887906
54.75885978428351	0.3564390782589029
54.784437596302	0.3594846901120307
54.81001540832049	0.3623554124738033
54.83559322033898	0.3645821456129021
54.86117103235747	0.3660088755071444
54.88674884437596	0.36878287873513077
54.91232665639445	0.3728526761849385
54.93790446841294	0.3750563597656912
54.96348228043143	0.376477844529822
54.98906009244992	0.3786489193112964
55.01463790446841	0.38248563031216
55.0402157164869	0.3862758108957861
55.06579352850539	0.3877425203474551
55.09137134052388	0.38971724912507005
55.11694915254237	0.39345924523708936
55.14252696456086	0.39748050010352215
55.16810477657935	0.4004531394124939
55.19368258859784	0.4017185412575127
55.21926040061633	0.4043578087833914
55.24483821263482	0.4087646940070701
55.27041602465331	0.41254141200198924
55.2959938366718	0.41508366517541967
55.321571648690295	0.41707815625907374
55.34714946070878	0.42061189186645653
55.372727272727275	0.42490293789829764
55.39830508474576	0.4283719924103942
55.423882896764255	0.4312917871885207
55.44946070878274	0.43404359683101373
55.475038520801235	0.43784295656855354
55.50061633281972	0.4418801974607514
55.526194144838215	0.4455586910305223
55.5517719568567	0.4490008995192268
55.577349768875195	0.4522146702052702
55.60292758089368	0.45588722497315237
55.628505392912174	0.45955545104171386
55.65408320493066	0.4636555737279272
55.679661016949154	0.4678746489692855
55.70523882896764	0.47209903151920346
55.730816640986134	0.47611881240776405
55.75639445300462	0.479451659335515
55.781972265023114	0.4837155688345901
55.8075500770416	0.4887877923693656
55.833127889060094	0.49398280173845177
55.85870570107858	0.4981944284284913
55.884283513097074	0.5012786063730152
55.90986132511556	0.505616867909564
55.935439137134054	0.5108055171463785
55.96101694915254	0.51701010908286
55.986594761171034	0.5221152031846711
56.01217257318952	0.5253030176228553
56.037750385208014	0.5292038301093359
56.0633281972265	0.5339825400888428
56.088906009244994	0.5409369296276146
56.11448382126348	0.5472630693216415
56.140061633281974	0.5522253024543026
56.16563944530046	0.5565635750652372
56.191217257318954	0.5601273734632508
56.21679506933744	0.5664916836096066
56.242372881355934	0.5733265137187284
56.26795069337442	0.5801805843569018
56.29352850539291	0.5858478199291363
56.319106317411396	0.5897869111958992
56.34468412942989	0.5954641843631147
56.370261941448376	0.6009366539912478
56.39583975346687	0.6085739902057249
56.421417565485356	0.6155457582353258
56.44699537750385	0.6219875400756589
56.472573189522336	0.6282872832811965
56.49815100154083	0.6331153906124635
56.523728813559316	0.6404898825761949
56.54930662557781	0.6468583584093631
56.574884437596296	0.6544678386067079
56.60046224961479	0.6617690865168319
56.626040061633276	0.6689070233105092
56.65161787365177	0.676760358160037
56.677195685670256	0.6828255883515767
56.70277349768875	0.6913911625413697
56.728351309707236	0.697769359028234
56.75392912172573	0.7054362455008135
56.779506933744216	0.713672255760918
56.80508474576271	0.7222966374277617
56.830662557781196	0.7321375986573653
56.85624036979969	0.7397296775405241
56.881818181818176	0.748896364186544
56.90739599383667	0.7549894752295659
56.932973805855156	0.7633231525381595
56.95855161787365	0.7720968048930817
56.984129429892135	0.7819766666460491
57.00970724191063	0.7934604187607416
57.035285053929115	0.8034319542440562
57.06086286594761	0.8140871380691309
57.086440677966095	0.8210509090528595
57.11201848998459	0.8303547990815782
57.137596302003075	0.8381504178523468
57.16317411402157	0.8484451682512705
57.188751926040055	0.8606320422780311
57.21432973805855	0.8720023613878592
57.239907550077035	0.8843816171709362
57.26548536209553	0.8944368461027044
57.291063174114015	0.9049503177115841
57.31664098613251	0.9123523552051203
57.342218798150995	0.9231189297021201
57.36779661016949	0.9328818269004926
57.393374422187975	0.9447171992101117
57.41895223420647	0.9581575753775544
57.444530046224955	0.9701515447168899
57.47010785824345	0.9823279641864663
57.49568567026194	0.9933591428453721
57.52126348228043	1.0049434718946688
57.54684129429892	1.0144358205254616
57.57241910631741	1.0264309943612506
57.5979969183359	1.0365071073158507
57.62357473035439	1.0490058385730052
57.64915254237288	1.0610749135732387
57.67473035439137	1.073204469896181
57.70030816640986	1.0853516486231876
57.72588597842835	1.0975091597407192
57.75146379044684	1.1095939197413072
57.77704160246533	1.1219336528257358
57.80261941448382	1.134362553393274
57.82819722650231	1.1463553057011109
57.8537750385208	1.1589343239261243
57.87935285053929	1.1685969056218035
57.90493066255778	1.18098240584683
57.93050847457627	1.1897843670741417
57.95608628659476	1.2016308761240286
57.98166409861325	1.2122942184743744
58.00724191063174	1.223987852561548
58.03281972265023	1.235402130878544
58.05839753466872	1.2486805871576996
58.08397534668721	1.25990152374217
58.1095531587057	1.2734793192390437
58.13513097072419	1.2842081429671088
58.16070878274268	1.2936543993707943
58.18628659476117	1.3046386991714285
58.21186440677966	1.3097791818524802
58.23744221879815	1.3202828244675864
58.26302003081664	1.3250326404745998
58.28859784283513	1.3351069271878806
58.31417565485362	1.3414864105373772
58.33975346687211	1.3522374988581274
58.3653312788906	1.3594601255727647
58.39090909090909	1.3709407265072713
58.41648690292758	1.3779482349576797
58.44206471494607	1.3875268006954597
58.46764252696456	1.3936859821408143
58.49322033898305	1.4000326306332556
58.51879815100154	1.405578195914107
58.54437596302003	1.40936299879683
58.56995377503852	1.4140837020695463
58.59553158705701	1.4153342078045246
58.6211093990755	1.4200544074316805
58.64668721109399	1.4186575610993788
58.67226502311248	1.424241706135785
58.69784283513097	1.4206308837776607
58.72342064714946	1.4268960583673893
58.74899845916795	1.422497681294892
58.77457627118644	1.4268848330190467
58.80015408320493	1.4224338904454001
58.82573189522342	1.4226269487257142
58.85130970724191	1.418305709243686
58.8768875192604	1.4150054763223485
58.90246533127889	1.4098514672507656
58.92804314329738	1.4039291257447728
58.95362095531587	1.3973281311261447
58.97919876733436	1.3896587316052553
59.00477657935285	1.381379923933276
59.03035439137134	1.3717534122370163
59.05593220338983	1.3623980082326632
59.08151001540832	1.3507248226081128
59.10708782742681	1.3409663437657824
59.1326656394453	1.3267411304616508
59.15824345146379	1.3168184051248202
59.18382126348228	1.3003954503732638
59.20939907550077	1.289480487761308
59.23497688751926	1.2713282720142822
59.26055469953775	1.258118259748994
59.28613251155624	1.238864100898665
59.31171032357473	1.223111932646162
59.33728813559322	1.203273686112118
59.36286594761171	1.1852438865654569
59.3884437596302	1.1648189770450987
59.41402157164869	1.1453808769323672
59.43959938366718	1.1247323073401372
59.46517719568567	1.1046241328417281
59.49075500770416	1.0840756553717474
59.51633281972265	1.063990933567283
59.54191063174114	1.0437927969346943
59.56748844375963	1.0241495601403934
59.59306625577812	1.0045337482432717
59.61864406779661	0.9857281798617262
59.6442218798151	0.9672616043732625
59.66979969183359	0.9495840946531209
59.69537750385208	0.9325213679132401
59.72095531587057	0.9162254351248066
59.74653312788906	0.9008027349263292
59.77211093990755	0.8859274754117898
59.79768875192604	0.872062478180246
59.82326656394453	0.8585886528123747
59.84884437596302	0.8463289029903805
59.87442218798151	0.8341679792080572
59.9	0.8232722834332835
59.92557781201849	0.8122237031634574
59.95115562403698	0.8024814525727219
59.97673343605547	0.7924664804060855
60.00231124807396	0.7834853472284539
60.02788906009245	0.7742109695236845
60.05346687211094	0.7658130900889308
60.07904468412943	0.7570960401769947
60.10462249614792	0.7492577818953333
60.13020030816641	0.7409837394214784
60.1557781201849	0.7335439143876054
60.18135593220339	0.7255245484447996
60.20693374422188	0.718389265951987
60.23251155624037	0.7105631911284389
60.25808936825886	0.7038324550392748
60.28366718027735	0.6961544450587952
60.30924499229584	0.6896840434424617
60.33482280431433	0.6822710873442498
60.36040061633282	0.6758754573864375
60.38597842835131	0.6687747452892104
60.4115562403698	0.66253975491889
60.43713405238829	0.6557548967521687
60.46271186440678	0.6494961235013104
60.48828967642527	0.6429252795276328
60.51386748844376	0.6366271787975454
60.53944530046225	0.6303428876863957
60.56502311248074	0.624227425502929
60.59060092449923	0.6181637450356766
60.61617873651772	0.6121324245513918
60.64175654853621	0.606399129623919
60.6673343605547	0.6005421060623607
60.69291217257319	0.5954593738760232
60.71848998459168	0.5896122441062581
60.74406779661017	0.585070845403091
60.76964560862866	0.5792692936410545
60.79522342064715	0.5750173220682121
60.82080123266564	0.5691100679057746
60.84637904468413	0.5649572510396056
60.87195685670262	0.5593398759494053
60.89753466872111	0.5548316790167727
60.9231124807396	0.5492951048899236
60.94869029275809	0.5446056147489398
60.97426810477658	0.5394715948653084
60.99984591679507	0.5348960759996256
61.02542372881356	0.5303918410600337
61.05100154083205	0.5261737878690966
61.07657935285054	0.5224865820829602
61.10215716486903	0.5187079165063606
61.12773497688752	0.5155017415035269
61.15331278890601	0.5116578852915489
61.1788906009245	0.5082635447510563
61.20446841294299	0.5039484307930505
61.23004622496148	0.5000233607403314
61.25562403697997	0.4953053412531827
61.28120184899846	0.4911981325193859
61.30677966101695	0.4864875665321434
61.33235747303544	0.48269293727908374
61.35793528505393	0.47860678001421086
61.38351309707242	0.4750944956772578
61.40909090909091	0.47190708836254425
61.4346687211094	0.46885181395730313
61.460246533127886	0.46591545399116985
61.485824345146376	0.462943888522298
61.511402157164866	0.4598037384771951
61.536979969183356	0.4564080447898693
61.562557781201846	0.45305481863008795
61.588135593220336	0.44927192049732734
61.613713405238826	0.44597144139958955
61.639291217257316	0.4424581158729269
61.664869029275806	0.439436522024487
61.690446841294296	0.4363908167744598
61.716024653312786	0.4333617719376061
61.741602465331276	0.4303063856799538
61.767180277349766	0.4273297907748896
61.792758089368256	0.42443607411431317
61.818335901386746	0.4216932091282532
61.843913713405236	0.41912217748155867
61.869491525423726	0.41668166783244376
61.895069337442216	0.414045702582585
61.920647149460706	0.41105269735151256
61.946224961479196	0.4080987372195163
61.971802773497686	0.404770616333002
61.997380585516176	0.40177092469615905
62.022958397534666	0.39914200516722975
62.048536209553156	0.39711054883140806
62.074114021571646	0.39493939369196285
62.099691833590136	0.39313867895147653
62.125269645608626	0.39066147368480364
62.150847457627115	0.3876591454431682
62.176425269645605	0.384720398372967
62.202003081664095	0.38142307816593746
62.227580893682585	0.37906715432415394
62.253158705701075	0.37699763085885757
62.278736517719565	0.37565195029746806
62.304314329738055	0.3738656735700796
62.329892141756545	0.3718540775547838
62.355469953775035	0.3692221700434584
62.381047765793525	0.36609797228990687
62.406625577812015	0.3636048761056434
62.432203389830505	0.36123590733618993
62.457781201848995	0.3597190224690508
62.483359013867485	0.35811542861363227
62.508936825885975	0.3563906837676876
62.534514637904465	0.35411161744826514
62.560092449922955	0.35160233659785184
62.585670261941445	0.34943557752081855
62.611248073959935	0.3470126151771621
62.636825885978425	0.345441105049353
62.662403697996915	0.3436493963257588
62.687981510015405	0.34190115098081153
62.713559322033895	0.34001170501278905
62.739137134052385	0.33805832763193505
62.764714946070875	0.3363939990310796
62.790292758089365	0.3340672943821481
62.815870570107855	0.33216817758520195
62.841448382126345	0.3300412470443758
62.867026194144835	0.3281543201933631
62.892604006163324	0.3265405068566348
62.918181818181814	0.32509309822667004
62.943759630200304	0.3236975740281901
62.9693374422188	0.32158179787346386
62.994915254237284	0.3194291951675201
63.02049306625578	0.31746915736753856
63.046070878274264	0.3159659578389741
63.07164869029276	0.3148688511294463
63.097226502311244	0.313351812211764
63.12280431432974	0.3114839785161668
63.148382126348224	0.3090041310883447
63.17395993836672	0.30714253076271
63.199537750385204	0.3061350219396319
63.2251155624037	0.3053247991763191
63.250693374422184	0.3041648971129165
63.27627118644068	0.3018774500939165
63.301848998459164	0.29981503262525
63.32742681047766	0.2982663935583214
63.353004622496144	0.2973753030609809
63.37858243451464	0.296735153755165
63.404160246533124	0.2953337242423804
63.42973805855162	0.29329924504362576
63.455315870570104	0.29135168462674366
63.4808936825886	0.2900923908508815
63.506471494607084	0.28939156396406446
63.53204930662558	0.28815017533117326
63.557627118644064	0.2865618556806392
63.58320493066256	0.2848295479558817
63.60878274268104	0.28348800226302967
63.63436055469954	0.28251115824466727
63.65993836671802	0.2813429338677246
63.68551617873652	0.27984445199535357
63.711093990755	0.2781889450670801
63.7366718027735	0.27688529977795473
63.76224961479198	0.2756223677298427
63.78782742681048	0.27451262470869986
63.81340523882896	0.2733325471849645
63.83898305084746	0.2722664056238607
63.86456086286594	0.27106289008023177
63.89013867488444	0.2694960717888912
63.91571648690292	0.2680154408744171
63.94129429892142	0.26712326337439823
63.9668721109399	0.2662705232087637
63.9924499229584	0.2650870233373589
64.01802773497688	0.263435395985771
64.04360554699538	0.26234734132024873
64.06918335901386	0.2618192749934557
64.09476117103236	0.26111568404614044
64.12033898305084	0.25965851304279103
64.14591679506934	0.257871178705529
64.17149460708782	0.2571364685172547
64.19707241910632	0.25690567774064016
64.2226502311248	0.2558761672613433
64.2482280431433	0.25406245454276105
64.27380585516178	0.25264341565241394
64.29938366718028	0.2522465680989021
64.32496147919876	0.2517924019335356
64.35053929121726	0.25020067696341175
64.37611710323574	0.2485327778004379
64.40169491525424	0.24781222485537915
64.42727272727272	0.24758315509772028
64.45285053929122	0.24644515576584194
64.4784283513097	0.24474647768985214
64.5040061633282	0.2437172357242363
64.52958397534668	0.24317749220017462
64.55516178736518	0.2421538452390772
64.58073959938366	0.24076260390017432
64.60631741140216	0.23968072368004031
64.63189522342064	0.23924977184999827
64.65747303543914	0.23832618858454258
64.68305084745762	0.23706875735824579
64.70862865947612	0.2359915448121739
64.7342064714946	0.23507834047447065
64.7597842835131	0.2343127466279626
64.78536209553158	0.23346046360094946
64.81093990755008	0.23253774992116535
64.83651771956856	0.2315566807264568
64.86209553158706	0.2305397037032901
64.88767334360554	0.229782167825006
64.91325115562404	0.22901701692414744
64.93882896764252	0.22780898439725447
64.96440677966102	0.22684464881087077
64.9899845916795	0.22666016066327746
65.015562403698	0.22587974754057438
65.04114021571648	0.22451707681523245
65.06671802773498	0.2238081247672927
65.09229583975346	0.2235498287421718
65.11787365177196	0.22256646297963273
65.14345146379044	0.2210092979202807
65.16902927580894	0.2205143425936486
65.19460708782742	0.22039792808227146
65.22018489984592	0.21911573311788402
65.2457627118644	0.21784416456652392
65.2713405238829	0.21769745382651992
65.29691833590138	0.2172219264885886
65.32249614791988	0.215727781269994
65.34807395993836	0.21475470932367233
65.37365177195686	0.21477235842068274
65.39922958397534	0.2139093764424833
65.42480739599384	0.2124474664592116
65.45038520801232	0.2119220327298417
65.47596302003082	0.2116179682090046
65.5015408320493	0.21011791749403558
65.5271186440678	0.20913397890035917
65.55269645608628	0.20910585872405651
65.57827426810478	0.20830164155661296
65.60385208012326	0.20714486025191
65.62942989214176	0.20653852670052228
65.65500770416024	0.20591791975115445
65.68058551617874	0.2049083139394501
65.70616332819722	0.2042177695437887
65.73174114021572	0.20379069638211922
65.7573189522342	0.20316919792878882
65.7828967642527	0.2024028165814537
65.80847457627118	0.20164515622948434
65.83405238828968	0.2009725758258491
65.85963020030816	0.2004224210218409
65.88520801232666	0.19969772287685114
65.91078582434514	0.1990768312539601
65.93636363636364	0.19885647420374683
65.96194144838212	0.19839165635573455
65.98751926040062	0.1974308489190265
66.0130970724191	0.19710020393346145
66.0386748844376	0.19675126309388966
66.06425269645608	0.19549970359881488
66.08983050847458	0.19508354871485423
66.11540832049306	0.19497609446544426
66.14098613251156	0.19390951081874072
66.16656394453004	0.19338115383558946
66.19214175654854	0.19337275992828867
66.21771956856702	0.19212736189883495
66.24329738058552	0.19123632745190242
66.268875192604	0.19138846955767702
66.2944530046225	0.1903643764616547
66.32003081664098	0.1894734515895469
66.34560862865948	0.18958774173543838
66.37118644067796	0.18857471296937325
66.39676425269646	0.1875596253660923
66.42234206471494	0.18765019248433365
66.44791987673344	0.1867252480380543
66.47349768875192	0.18570005097254166
66.49907550077042	0.18570619188636162
66.5246533127889	0.18499820201102274
66.5502311248074	0.18411823345384337
66.57580893682588	0.18401988976989256
66.60138674884438	0.18319853711952938
66.62696456086286	0.18215806565418144
66.65254237288136	0.1819277864985913
66.67812018489984	0.18125723956540865
66.70369799691834	0.18072831486999036
66.72927580893682	0.18051032495980565
66.75485362095532	0.17977944334979729
66.7804314329738	0.17918917346690946
66.8060092449923	0.1787005920137325
66.83158705701078	0.17820290231161337
66.85716486902928	0.17777557802034796
66.88274268104776	0.17723581887022308
66.90832049306626	0.17673338082446785
66.93389830508474	0.176053178890688
66.95947611710324	0.17549844314878763
66.98505392912172	0.17521811044059374
67.01063174114022	0.1744796527522901
67.0362095531587	0.17402248188761513
67.0617873651772	0.17374351694456772
67.08736517719568	0.1728500352004011
67.11294298921418	0.17265601937407507
67.13852080123266	0.1725759309499488
67.16409861325116	0.1714997982414981
67.18967642526964	0.1715901326433205
67.21525423728814	0.1709019997687123
67.24083204930662	0.1700418610914935
67.26640986132512	0.17042526489348295
67.2919876733436	0.1693467803187679
67.3175654853621	0.16893112066190727
67.34314329738058	0.16880566628699345
67.36872110939908	0.16755694509710028
67.39429892141757	0.16769192435680577
67.41987673343606	0.16719084453300628
67.44545454545454	0.166425877927264
67.47103235747304	0.16667151759216767
67.49661016949153	0.16576577380430463
67.52218798151002	0.16566560767919158
67.5477657935285	0.16542268272066166
67.573343605547	0.16446791131871094
67.59892141756549	0.16465971540689073
67.62449922958398	0.164007503412079
67.65007704160246	0.1635125904461584
67.67565485362096	0.16344613514877965
67.70123266563945	0.1627439511006018
67.72681047765793	0.16260012974727142
67.75238828967642	0.162120009338784
67.77796610169491	0.16166541127930317
67.80354391371341	0.16129922210774636
67.8291217257319	0.16086943022455802
67.85469953775038	0.16054324048183702
67.88027734976887	0.1602979712368872
67.90585516178737	0.159938630672643
67.93143297380585	0.15942786948814117
67.95701078582434	0.15919815941497015
67.98258859784283	0.15847369368223316
68.00816640986133	0.15811152657828742
68.03374422187981	0.15749760898127588
68.0593220338983	0.1569485480405825
68.0848998459168	0.15704057401867091
68.11047765793529	0.156144241879614
68.13605546995377	0.15602418317769493
68.16163328197226	0.15548209586357187
68.18721109399075	0.1549930706193251
68.21278890600925	0.15504167175601097
68.23836671802773	0.15395151781083363
68.26394453004622	0.1542080872735608
68.28952234206471	0.15316058852822234
68.31510015408321	0.15303893568433716
68.3406779661017	0.15279272920788653
68.36625577812018	0.15183356203107842
68.39183359013867	0.15190758292626233
68.41741140215717	0.1509062116558834
68.44298921417565	0.15102437202907323
68.46856702619414	0.15029822564592463
68.49414483821263	0.15017858217420763
68.51972265023113	0.15004530539172253
68.54530046224961	0.14942467517802197
68.5708782742681	0.149503406033883
68.5964560862866	0.1486467904627703
68.62203389830509	0.14869030743995676
68.64761171032357	0.14796924699895436
68.67318952234206	0.1478110408411401
68.69876733436055	0.1474054002570349
68.72434514637905	0.14687203809198338
68.74992295839753	0.1466495595929804
68.77550077041602	0.1461571020924961
68.80107858243451	0.14608207665374542
68.82665639445301	0.14549790583049596
68.8522342064715	0.14519866666051734
68.87781201848998	0.14506750011748298
68.90338983050847	0.14471229993318513
68.92896764252697	0.14439669088940052
68.95454545454545	0.14422794870883343
68.98012326656394	0.14383445368995304
69.00570107858243	0.14343764808724446
69.03127889060093	0.14294612738534074
69.05685670261941	0.1430895443082808
69.0824345146379	0.1423065147910697
69.1080123266564	0.14225259103743965
69.13359013867489	0.14152128382702148
69.15916795069337	0.14169227272090684
69.18474576271186	0.14093760323583082
69.21032357473035	0.14095714744499355
69.23590138674885	0.14050989436146802
69.26147919876733	0.14035613683083012
69.28705701078582	0.13989398263531144
69.31263482280431	0.1394067257364939
69.33821263482281	0.1393646599630125
69.36379044684129	0.13872931731993507
69.38936825885978	0.13872300509283697
69.41494607087827	0.13790672204196947
69.44052388289677	0.1380560064278712
69.46610169491525	0.13709080142528518
69.49167950693374	0.13740516306168973
69.51725731895223	0.13655690007835206
69.54283513097073	0.1367115461748141
69.56841294298921	0.13584016896200446
69.5939907550077	0.13610664169927156
69.61956856702619	0.13535317101376002
69.64514637904469	0.13549035873653492
69.67072419106317	0.1349274868638449
69.69630200308166	0.13493840442373056
69.72187981510015	0.13423142373412578
69.74745762711865	0.13411010306472979
69.77303543913713	0.1337203302737911
69.79861325115561	0.13367818343419124
69.82419106317411	0.1333660400821908
69.84976887519261	0.13324715806006113
69.87534668721109	0.1330123526200998
69.90092449922957	0.1326914505708492
69.92650231124807	0.1325398663277441
69.95208012326657	0.13234560174462584
69.97765793528505	0.13225477965597263
70.00323574730353	0.1317787962114998
70.02881355932203	0.13180293941347526
70.05439137134053	0.1313423866137771
70.07996918335901	0.13122084457102612
70.1055469953775	0.1306329731639271
70.13112480739599	0.1308133891063728
70.15670261941449	0.13015107006471022
70.18228043143297	0.13023584558441303
70.20785824345145	0.1296567420244136
70.23343605546995	0.12999807311800124
70.25901386748845	0.1291703223563377
70.28459167950693	0.1294956373128574
70.31016949152541	0.12870184854353237
70.33574730354391	0.12887422492178743
70.36132511556241	0.12803842743150962
70.38690292758089	0.12828465485741133
70.41248073959937	0.12777737019850915
70.43805855161787	0.1277930354591417
70.46363636363637	0.1271818954487581
70.48921417565485	0.12707557892429774
70.51479198767333	0.12681346311778205
70.54036979969183	0.12637419713486542
70.56594761171033	0.12625633668036418
70.59152542372881	0.1256943082079668
70.6171032357473	0.12578965249617854
70.64268104776579	0.12512709499380803
70.66825885978429	0.12526963012219605
70.69383667180277	0.12464697811327337
70.71941448382125	0.12467833643642981
70.74499229583975	0.12415372859941086
70.77057010785825	0.12411773796038873
70.79614791987673	0.12367670682480689
70.82172573189521	0.12351492693393175
70.84730354391371	0.12336420402233404
70.87288135593221	0.12319432444793194
70.89845916795069	0.12293943728011203
70.92403697996917	0.12255834454506782
70.94961479198767	0.12232829775645321
70.97519260400617	0.1221760527743044
71.00077041602465	0.12174816066027573
71.02634822804313	0.12160482378636603
71.05192604006163	0.12135719406391836
71.07750385208013	0.12114403206959146
71.10308166409861	0.12104923155338548
71.1286594761171	0.12077060626929742
71.15423728813559	0.12083037036433532
71.17981510015409	0.12022452791324005
