49.75	0.0323433029497564
49.76513157894737	0.03247035538762423
49.78026315789474	0.03260437323040975
49.795394736842105	0.03248693706224216
49.810526315789474	0.03224108461353483
49.82565789473684	0.032165018063315794
49.84078947368421	0.03194062711034839
49.85592105263158	0.03212556538590217
49.87105263157895	0.03209851500478243
49.88618421052632	0.03224970495057806
49.901315789473685	0.03235458059597091
49.91644736842105	0.03226801532662468
49.93157894736842	0.032238929016802545
49.94671052631579	0.03242698790615139
49.96184210526316	0.03244841097084319
49.97697368421053	0.032469284883879
49.992105263157896	0.032504044840281646
50.007236842105264	0.032314821565344244
50.02236842105263	0.032363707296071874
50.0375	0.03227232210957396
50.05263157894737	0.032308907114719176
50.06776315789474	0.03237605128575793
50.08289473684211	0.03228900574040131
50.098026315789475	0.03234276564228328
50.113157894736844	0.032408231508195544
50.12828947368421	0.03238302676203399
50.14342105263158	0.032490145667441954
50.15855263157895	0.032466609791704744
50.17368421052632	0.03248693721856241
50.188815789473686	0.032443592316227725
50.203947368421055	0.03251633586370774
50.21907894736842	0.03250992430719901
50.23421052631579	0.03260757037002846
50.24934210526316	0.03257345424615352
50.26447368421053	0.03257878724978522
50.2796052631579	0.03255371449843392
50.294736842105266	0.032462864287484156
50.309868421052634	0.032683669981774556
50.325	0.03273253569427233
50.34013157894737	0.032914080072475406
50.35526315789474	0.03308727873235776
50.37039473684211	0.033087278682780184
50.38552631578948	0.03334929703994669
50.400657894736845	0.03356634201757722
50.415789473684214	0.03374546009601862
50.43092105263158	0.03396099641963932
50.44605263157895	0.034117172542808154
50.46118421052631	0.0342903740262854
50.47631578947368	0.03438043754686117
50.49144736842105	0.03460808501120814
50.50657894736842	0.034724350796949736
50.521710526315786	0.03498602626419208
50.536842105263155	0.03510302011606843
50.55197368421052	0.03542325136184079
50.56710526315789	0.0357177603834993
50.58223684210526	0.03599393640865063
50.59736842105263	0.03618216455882113
50.6125	0.0362890800036863
50.627631578947366	0.036318749382175546
50.642763157894734	0.036256990492488955
50.6578947368421	0.0362056841063271
50.67302631578947	0.03633118406489614
50.68815789473684	0.036478642530454464
50.70328947368421	0.03639806773364068
50.71842105263158	0.036539075887323205
50.733552631578945	0.0365946623786837
50.748684210526314	0.03663688957227379
50.76381578947368	0.03657709278841602
50.77894736842105	0.03667433148909529
50.79407894736842	0.036503398938254855
50.80921052631579	0.03637992588318471
50.824342105263156	0.0364219251018747
50.839473684210525	0.036422879106753944
50.85460526315789	0.036277588453631215
50.86973684210526	0.036248364514053
50.88486842105263	0.036219596741361236
50.9	0.036402363261524115
50.91513157894737	0.03665537851590389
50.930263157894736	0.03685201482147299
50.945394736842104	0.03698424725772042
50.96052631578947	0.03708369776186706
50.97565789473684	0.03706636009707249
50.99078947368421	0.03695088100963561
51.00592105263158	0.037196429435433845
51.02105263157895	0.037078544225858115
51.036184210526315	0.03711179584261514
51.05131578947368	0.03706635952518776
51.06644736842105	0.03715624018657982
51.08157894736842	0.03732697574455553
51.09671052631579	0.03751453565396433
51.11184210526316	0.03754323679328051
51.126973684210526	0.037566366781536915
51.142105263157895	0.03760842685832059
51.15723684210526	0.03768272588747161
51.17236842105263	0.037885035961970945
51.1875	0.03798670152867343
51.20263157894737	0.03776331986551413
51.21776315789474	0.03748071432699016
51.232894736842105	0.037371164777494144
51.248026315789474	0.037346983539130414
51.26315789473684	0.037427836392165764
51.27828947368421	0.037321390241047345
51.29342105263158	0.03748581254261251
51.30855263157895	0.037382319992303355
51.32368421052632	0.037579775475197155
51.338815789473685	0.037592717390082464
51.35394736842105	0.037727419494426366
51.36907894736842	0.03774123145613217
51.38421052631579	0.03749415412933215
51.39934210526316	0.03742365892074505
51.41447368421053	0.03759364203143749
51.429605263157896	0.03767995979711742
51.444736842105264	0.03772834044223464
51.45986842105263	0.03777068012936782
51.475	0.03765459256137547
51.49013157894737	0.03763844106766611
51.50526315789474	0.0376449025586175
51.52039473684211	0.03773064262576099
51.535526315789475	0.03779826737724453
51.550657894736844	0.03788090868731984
51.56578947368421	0.03783547823089771
51.58092105263158	0.037970233738688595
51.59605263157895	0.03774675443310059
51.61118421052632	0.03768410873393263
51.626315789473686	0.0375737650923112
51.641447368421055	0.03744129473925399
51.65657894736842	0.03751870354816682
51.67171052631579	0.03770254513878385
51.68684210526316	0.03788090872411084
51.70197368421053	0.03803149462110539
51.7171052631579	0.03792078744785318
51.732236842105266	0.0378809086667315
51.747368421052634	0.0380155031710614
51.7625	0.03804702276092913
51.77763157894737	0.03813003631913047
51.79276315789474	0.03814461334860866
51.80789473684211	0.038096761361976345
51.82302631578948	0.03801321832213999
51.83815789473684	0.03823014154777542
51.853289473684214	0.03824786011496586
51.868421052631575	0.03837618845895794
51.88355263157895	0.0385338560035098
51.89868421052631	0.03868639138550964
51.91381578947368	0.03876265793896116
51.92894736842105	0.03872768374177607
51.94407894736842	0.038904473385381624
51.959210526315786	0.03897407308397524
51.974342105263155	0.0388325119269385
51.98947368421052	0.038870520557353544
52.00460526315789	0.03881685056953655
52.01973684210526	0.039011053111863266
52.03486842105263	0.039187894293098685
52.05	0.039160398661971296
52.065131578947366	0.039109347590222804
52.080263157894734	0.0389352731829693
52.0953947368421	0.038918313989598434
52.11052631578947	0.03917459248200876
52.12565789473684	0.03928220845170708
52.14078947368421	0.039114677745739804
52.15592105263158	0.039088908450474
52.171052631578945	0.039013725003633766
52.186184210526314	0.03898699828126773
52.20131578947368	0.03910135141702584
52.21644736842105	0.03918124440429154
52.23157894736842	0.03917814046710922
52.24671052631579	0.03912800055131565
52.261842105263156	0.03917902740400334
52.276973684210525	0.039289284378629
52.29210526315789	0.039323317352439706
52.30723684210526	0.03928353567618772
52.32236842105263	0.03935511379469774
52.3375	0.03940055574845137
52.35263157894737	0.03953217378980723
52.367763157894736	0.03949304233630042
52.382894736842104	0.03964583080287716
52.39802631578947	0.039809817197282396
52.41315789473684	0.040007450524689354
52.42828947368421	0.040003542086520794
52.44342105263158	0.03998486355581455
52.45855263157895	0.04004824827805775
52.473684210526315	0.04028742442831475
52.48881578947368	0.040366260936139764
52.50394736842105	0.040188985252811726
52.51907894736842	0.040209729265148784
52.53421052631579	0.04040884613658352
52.54934210526316	0.04043678170349426
52.564473684210526	0.040265857288601166
52.579605263157895	0.040214481576081
52.59473684210526	0.04049388218383825
52.60986842105263	0.040619819402600406
52.625	0.040585161452456726
52.64013157894737	0.04034042974569351
52.65526315789474	0.040365400051529665
52.670394736842105	0.04054661777676463
52.685526315789474	0.04066213909316202
52.70065789473684	0.040528189500491224
52.71578947368421	0.04048701713876155
52.73092105263158	0.04065017440564609
52.74605263157895	0.04066085739655836
52.76118421052632	0.04069160866088957
52.776315789473685	0.04060228031347855
52.79144736842105	0.04052004441091822
52.80657894736842	0.0405556147930384
52.82171052631579	0.0407338538479259
52.83684210526316	0.04097835566289055
52.85197368421053	0.04111633174013818
52.867105263157896	0.041277422427997326
52.882236842105264	0.041596896892394215
52.89736842105263	0.04148691008579697
52.9125	0.041292992086240286
52.92763157894737	0.04128836386174422
52.94276315789474	0.04157433782799016
52.95789473684211	0.041519978603019085
52.973026315789475	0.041424887988233246
52.988157894736844	0.04151202782724381
53.00328947368421	0.041728664967828705
53.01842105263158	0.041535875580677326
53.03355263157895	0.04156179898103831
53.04868421052632	0.04193506930552972
53.063815789473686	0.04191932371664876
53.078947368421055	0.04167492313998973
53.09407894736842	0.04181558647307563
53.10921052631579	0.04193796919269526
53.12434210526316	0.04182306417996162
53.13947368421053	0.04191890929864346
53.1546052631579	0.042035618632355894
53.169736842105266	0.04185213110826472
53.184868421052634	0.04184092192493895
53.2	0.042078991674000206
53.21513157894737	0.04221131254531481
53.23026315789474	0.042254505148208575
53.2453947368421	0.042300939386540753
53.26052631578948	0.04235675735122204
53.27565789473684	0.04255562604698807
53.290789473684214	0.0427499124382928
53.305921052631575	0.042711695347913865
53.321052631578944	0.04292187328520182
53.33618421052631	0.0431765191129427
53.35131578947368	0.04301365524735206
53.36644736842105	0.0431274023115804
53.38157894736842	0.0435307595646015
53.396710526315786	0.043477647627722604
53.411842105263155	0.04341126643484539
53.42697368421052	0.04373263203883265
53.44210526315789	0.04363400226426049
53.45723684210526	0.04358420526720368
53.47236842105263	0.04413557503033633
53.4875	0.04399087752879486
53.502631578947366	0.04378305369499828
53.517763157894734	0.04427666067152918
53.5328947368421	0.0442817612254321
53.54802631578947	0.04424447462327439
53.56315789473684	0.044387171161908774
53.57828947368421	0.04423779881102943
53.59342105263158	0.044142265871678577
53.608552631578945	0.04434488045592181
53.623684210526314	0.04425978539723148
53.63881578947368	0.04440243292881306
53.65394736842105	0.04454111335074273
53.66907894736842	0.04439147629296266
53.68421052631579	0.044557881935187914
53.699342105263156	0.0447322134533176
53.714473684210525	0.04494569848004714
53.72960526315789	0.044903933833622324
53.74473684210526	0.04469569166758314
53.75986842105263	0.04503914185656514
53.775	0.04501599225352358
53.79013157894737	0.045037598965827465
53.805263157894736	0.0453163984199478
53.820394736842104	0.04512353728627096
53.83552631578947	0.04510120134944819
53.85065789473684	0.045406783069454636
53.86578947368421	0.04526845204393033
53.88092105263158	0.04574071713549371
53.89605263157895	0.04587232245366914
53.911184210526315	0.04573312032838461
53.92631578947368	0.046244986098254066
53.94144736842105	0.04596048000371875
53.95657894736842	0.04619875558408241
53.97171052631579	0.04660162453465914
53.98684210526316	0.046325684708302235
54.001973684210526	0.04671109768016661
54.017105263157895	0.04663292875490817
54.03223684210526	0.04679916004524287
54.04736842105263	0.047096676439739735
54.0625	0.04698736214389722
54.07763157894737	0.047410650402048816
54.09276315789474	0.04726274693902432
54.107894736842105	0.047600449634597
54.123026315789474	0.04766682836658289
54.13815789473684	0.04790133105836821
54.15328947368421	0.048146961128567894
54.16842105263158	0.048000240814922164
54.18355263157895	0.0484505444892448
54.19868421052632	0.04826012881719352
54.213815789473685	0.04858660959460477
54.22894736842105	0.048554418114283494
54.24407894736842	0.048482804984709416
54.25921052631579	0.04904569922832804
54.27434210526316	0.04863914328700563
54.28947368421053	0.049486139647851035
54.304605263157896	0.049332485610923064
54.319736842105264	0.04978016092643192
54.33486842105263	0.05000614358951021
54.35	0.04985444080527346
54.36513157894737	0.05066398857102374
54.38026315789474	0.049991897672395494
54.39539473684211	0.051009826627353316
54.410526315789475	0.05079172989477444
54.425657894736844	0.0511974801322023
54.44078947368421	0.051819092260129956
54.45592105263158	0.051413517020532706
54.47105263157895	0.052663767644495686
54.48618421052632	0.0518911228661143
54.501315789473686	0.05292471787126163
54.516447368421055	0.05274386808060467
54.53157894736842	0.05306535288289044
54.54671052631579	0.05342914137519741
54.56184210526316	0.0529863940285964
54.57697368421053	0.053712253268017346
54.59210526315789	0.05312097928871393
54.607236842105266	0.05344994742064251
54.62236842105263	0.05322455111136333
54.6375	0.053260117702670674
54.652631578947364	0.05362971194451573
54.66776315789474	0.053224877490224184
54.6828947368421	0.05364234414936104
54.69802631578948	0.05332042831974312
54.71315789473684	0.05336211763622441
54.728289473684214	0.053409629083515785
54.743421052631575	0.05305192908033611
54.75855263157895	0.053496731991792716
54.77368421052631	0.05298639477581628
54.78881578947368	0.053553856817745625
54.80394736842105	0.05290666154710368
54.81907894736842	0.05324804800563858
54.834210526315786	0.05298114850966419
54.849342105263155	0.05309513733949517
54.86447368421052	0.05337025624204386
54.87960526315789	0.0533347632483
54.89473684210526	0.053750083523809083
54.90986842105263	0.053745881478347454
54.925	0.054127887368364415
54.940131578947366	0.05416382288294883
54.955263157894734	0.054204862921932655
54.9703947368421	0.05436360035391632
54.98552631578947	0.054596704659757266
55.00065789473684	0.0548158253062409
55.01578947368421	0.05493264856037963
55.03092105263158	0.054948775247699956
55.046052631578945	0.054967109702942364
55.061184210526314	0.05513625711466891
55.07631578947368	0.055279751295748907
55.09144736842105	0.055466740892215975
55.10657894736842	0.055713629069697186
55.12171052631579	0.055965015902660245
55.136842105263156	0.05617014044063366
55.151973684210525	0.05640039875241372
55.16710526315789	0.05646412435868682
55.18223684210526	0.0565778513899189
55.19736842105263	0.05666621598113663
55.2125	0.05684620059606712
55.22763157894737	0.05710325002848177
55.242763157894736	0.05726972847578149
55.257894736842104	0.05763018908047301
55.27302631578947	0.05765550566128642
55.28815789473684	0.05767297972018762
55.30328947368421	0.05788945943062057
55.31842105263158	0.05823057297357466
55.33355263157895	0.05843844749566179
55.348684210526315	0.058841660959464734
55.36381578947368	0.058930168794311975
55.37894736842105	0.05898939468527548
55.39407894736842	0.05921221108413133
55.40921052631579	0.05947334803065635
55.42434210526316	0.05962854877046538
55.439473684210526	0.05984840506120984
55.454605263157895	0.059982654670201536
55.46973684210526	0.060148673340158214
55.48486842105263	0.060436815008466
55.5	0.06064027811331425
55.51513157894737	0.060734460326485204
55.53026315789474	0.06089500610742167
55.545394736842105	0.0610519997051957
55.560526315789474	0.06124689563569982
55.57565789473684	0.06167907608425446
55.59078947368421	0.062002705501111574
55.60592105263158	0.06208195013988084
55.62105263157895	0.06222226999178273
55.63618421052632	0.06260278167676134
55.651315789473685	0.06290509194103075
55.66644736842105	0.06315288592981809
55.68157894736842	0.06367368847503331
55.69671052631579	0.06383500662780364
55.71184210526316	0.06412690314490752
55.72697368421053	0.06428843530400419
55.742105263157896	0.06465302676901148
55.757236842105264	0.06501984892793337
55.77236842105263	0.0651314399421579
55.7875	0.06540533459840228
55.80263157894737	0.06572066026221304
55.81776315789474	0.06611335941379358
55.83289473684211	0.06668999802191199
55.848026315789475	0.06705707640583194
55.863157894736844	0.06730636206425739
55.87828947368421	0.06747547378120711
55.89342105263158	0.06793273454748629
55.90855263157895	0.0684468645580839
55.92368421052632	0.06883738738700063
55.938815789473686	0.06905786273153215
55.953947368421055	0.06936685367586737
55.96907894736842	0.06971136686756343
55.98421052631579	0.06998719643278455
55.99934210526316	0.07028444010466242
56.01447368421053	0.0703738620341842
56.02960526315789	0.07086440158070426
56.044736842105266	0.07099617309190863
56.05986842105263	0.07127312408086008
56.075	0.07190094135261077
56.090131578947364	0.07236840941998383
56.10526315789474	0.0729048785063467
56.1203947368421	0.07349796491171426
56.13552631578948	0.07369719292362543
56.15065789473684	0.07418449202381001
56.165789473684214	0.07460716177449278
56.180921052631575	0.07507559805669362
56.196052631578944	0.07546980274578223
56.21118421052631	0.07556757249121092
56.22631578947368	0.07614106165623104
56.24144736842105	0.07674128414479275
56.25657894736842	0.07707334711171408
56.271710526315786	0.07765674606692427
56.286842105263155	0.07819959088670232
56.30197368421052	0.07866408174880886
56.31710526315789	0.07937990801477945
56.33223684210526	0.07985907191807373
56.34736842105263	0.08057355315803132
56.3625	0.08118615791783158
56.377631578947366	0.08160321929928586
56.392763157894734	0.08196836814340121
56.4078947368421	0.0824657794651697
56.42302631578947	0.08270874244900793
56.43815789473684	0.08331315444990822
56.45328947368421	0.08378475385851815
56.46842105263158	0.08438701746887634
56.483552631578945	0.08505122040478798
56.498684210526314	0.08558897997187337
56.51381578947368	0.08629185567407212
56.52894736842105	0.08680492151309038
56.54407894736842	0.087332082187621
56.55921052631579	0.08818372135258036
56.574342105263156	0.0886774192784561
56.589473684210525	0.08913662051330443
56.60460526315789	0.09001712444270267
56.61973684210526	0.09054035753885382
56.63486842105263	0.09139574609949586
56.65	0.09223943617518114
56.66513157894737	0.09285309554845682
56.680263157894736	0.09355951920091216
56.695394736842104	0.09443594587383336
56.71052631578947	0.09510614200198557
56.72565789473684	0.09583566074717681
56.74078947368421	0.09645669958310091
56.75592105263158	0.0973089992485988
56.77105263157895	0.09806234878546996
56.786184210526315	0.09890941934198862
56.80131578947368	0.09984678151927448
56.81644736842105	0.10061341922079167
56.83157894736842	0.10149346542509907
56.84671052631579	0.10234371096343564
56.86184210526316	0.10323307162298319
56.876973684210526	0.10420873730168494
56.892105263157895	0.10502542751560945
56.90723684210526	0.10603179248968891
56.92236842105263	0.10710382268701336
56.9375	0.10797296341253862
56.95263157894737	0.10876075258855573
56.96776315789474	0.10997609189420188
56.982894736842105	0.11094804787447655
56.998026315789474	0.11196820978927963
57.01315789473684	0.11309842344115062
57.02828947368421	0.11453839730866874
57.04342105263158	0.1157672316968356
57.05855263157895	0.1170443121095178
57.07368421052632	0.11842619882689598
57.088815789473685	0.11944577644747212
57.10394736842105	0.12073661224112543
57.11907894736842	0.12209465593402404
57.13421052631579	0.1235307389897516
57.14934210526316	0.12492501062322635
57.16447368421053	0.12622960841971495
57.179605263157896	0.12761373919539365
57.194736842105264	0.12947033776638364
57.20986842105263	0.130749117653439
57.225	0.13236353724839597
57.24013157894737	0.13393997047530046
57.25526315789474	0.13584711139259162
57.27039473684211	0.13732726367074363
57.285526315789475	0.1392264773983801
57.300657894736844	0.14109890224297683
57.31578947368421	0.1429280716811182
57.33092105263158	0.14462751138305108
57.34605263157895	0.14643504084916886
57.36118421052632	0.1483976697650154
57.376315789473686	0.15020416792285932
57.391447368421055	0.15259206513912044
57.40657894736842	0.15461273725161195
57.42171052631579	0.15693862248559345
57.43684210526315	0.15908488876595328
57.45197368421053	0.16149366117478028
57.46710526315789	0.1638725876338326
57.482236842105266	0.1661789993706228
57.49736842105263	0.16860756216499728
57.5125	0.17135144738006625
57.527631578947364	0.17423111938614408
57.54276315789474	0.1770495083028816
57.5578947368421	0.17973550553430007
57.57302631578948	0.1829345940855213
57.58815789473684	0.18598083593619336
57.60328947368421	0.1893010544592295
57.618421052631575	0.19233382997622722
57.633552631578944	0.19572419584574757
57.64868421052631	0.19932135238020332
57.66381578947368	0.2027264168759968
57.67894736842105	0.2068356466460048
57.69407894736842	0.21016354014047403
57.709210526315786	0.21446720019626078
57.724342105263155	0.21854964380868283
57.73947368421052	0.2227700817499544
57.75460526315789	0.22744827329433534
57.76973684210526	0.23207585886389723
57.78486842105263	0.23694962083731652
57.8	0.24216590800586338
57.815131578947366	0.24726012292793936
57.830263157894734	0.25254894191463584
57.8453947368421	0.25810788828664527
57.86052631578947	0.26370813138327126
57.87565789473684	0.26988383791325493
57.89078947368421	0.276304709513025
57.90592105263158	0.2823845945212969
57.921052631578945	0.28971733002394423
57.936184210526314	0.2965851567012905
57.95131578947368	0.3034862795250601
57.96644736842105	0.3113459756427997
57.98157894736842	0.31885134647570046
57.99671052631579	0.3266683148154316
58.011842105263156	0.3349506440493524
58.026973684210525	0.34355778591811714
58.04210526315789	0.35213792582578923
58.05723684210526	0.3612525502374149
58.07236842105263	0.3709247526614915
58.0875	0.3803586549885141
58.10263157894737	0.3901643467802586
58.117763157894736	0.4006299642986122
58.132894736842104	0.41066003403274814
58.14802631578947	0.4208686440405098
58.16315789473684	0.4319924449227931
58.17828947368421	0.44240871335149806
58.19342105263158	0.45282977858158496
58.20855263157895	0.4641302441052818
58.223684210526315	0.4750797774890717
58.23881578947368	0.48559611256001034
58.25394736842105	0.4966242581027205
58.26907894736842	0.5075940142689248
58.28421052631579	0.5180846641209805
58.29934210526316	0.5282021045133917
58.314473684210526	0.5378431699380374
58.329605263157895	0.547402644392751
58.34473684210526	0.5563205340626858
58.35986842105263	0.5642269435392117
58.375	0.5717382180287749
58.39013157894737	0.5789378480745877
58.40526315789474	0.5845455806266986
58.420394736842105	0.5891037816802781
58.435526315789474	0.5933022624501625
58.45065789473684	0.5967321090652179
58.46578947368421	0.5982996060020304
58.48092105263158	0.5988791160743189
58.49605263157895	0.5987044580668457
58.51118421052632	0.5971915509479153
58.526315789473685	0.5942322044011341
58.54144736842105	0.5904848560300793
58.55657894736842	0.5852452968926237
58.57171052631579	0.5785042227574945
58.58684210526316	0.5710587173195953
58.60197368421053	0.5626274163365504
58.617105263157896	0.5529286836096041
58.632236842105264	0.5418864615090334
58.64736842105263	0.5302006951106181
58.6625	0.5179391392109687
58.67763157894737	0.5044993087636537
58.69276315789474	0.49013547027225274
58.70789473684211	0.4757646704960083
58.723026315789475	0.4611600324189342
58.738157894736844	0.4461889327711184
58.753289473684205	0.43072546056528516
58.76842105263158	0.4157160893663275
58.78355263157894	0.401170930790343
58.79868421052632	0.3864117960129537
58.81381578947368	0.37159464161797406
58.828947368421055	0.35755296426223665
58.844078947368416	0.34428865393787933
58.85921052631579	0.33178572680982027
58.87434210526315	0.31962781855706124
58.88947368421053	0.30777615801490216
58.90460526315789	0.29714879594358434
58.919736842105266	0.2872756513931665
58.93486842105263	0.27818806995872425
58.95	0.26999482499644906
58.965131578947364	0.2623871433527848
58.98026315789474	0.25525794793984385
58.9953947368421	0.24908112067336968
59.01052631578948	0.24373638669176878
59.02565789473684	0.23855731275916003
59.040789473684214	0.2335593565766768
59.055921052631575	0.22903049854800075
59.07105263157895	0.22459652064659746
59.08618421052631	0.22029941783431797
59.10131578947368	0.21632017444197021
59.11644736842105	0.21249465525631314
59.13157894736842	0.20843909886989914
59.146710526315786	0.20446651034810212
59.161842105263155	0.20055232932583808
59.17697368421052	0.19691801636941056
59.19210526315789	0.1935126459659925
59.20723684210526	0.1900261890244923
59.22236842105263	0.18701313648437054
59.2375	0.18388497051688438
59.252631578947366	0.1808362974527202
59.267763157894734	0.17791374905834478
59.2828947368421	0.17530878422265392
59.29802631578947	0.17265965603695235
59.31315789473684	0.16997942986221634
59.32828947368421	0.16737593155688477
59.34342105263158	0.16502091124316007
59.358552631578945	0.16236425657544298
59.373684210526314	0.15977572125783487
59.38881578947368	0.1576195602519146
59.40394736842105	0.15553039164760118
59.41907894736842	0.1535202549463327
59.43421052631579	0.15144777675725
59.449342105263156	0.14954545468869584
59.464473684210525	0.14756328398114849
59.47960526315789	0.14562653899726194
59.49473684210526	0.1436941716551566
59.50986842105263	0.14203922535259322
59.525	0.1403938770721918
59.54013157894737	0.13869798402805145
59.555263157894736	0.13696101616477596
59.570394736842104	0.13537052760173054
59.58552631578947	0.13381172866478017
59.60065789473684	0.13229712158183232
59.61578947368421	0.1307831444939074
59.63092105263158	0.1292210666103938
59.64605263157895	0.12781042657221608
59.661184210526315	0.12676687028693703
59.67631578947368	0.12544613281132289
59.69144736842105	0.1241471549396293
59.70657894736842	0.1229356498009123
59.72171052631579	0.12161274736760934
59.73684210526316	0.12042497404287117
59.751973684210526	0.1191106354239142
59.767105263157895	0.11782040151507618
59.78223684210526	0.11677489898468027
59.79736842105263	0.11583924104619762
59.8125	0.11480051440890052
59.82763157894737	0.11348502502551809
59.84276315789474	0.11240878578569682
59.857894736842105	0.11141963657929793
59.873026315789474	0.1101577805560935
59.88815789473684	0.10892963666325119
59.90328947368421	0.10793580511271697
59.91842105263158	0.10718831535660366
59.93355263157895	0.10656900937010116
59.94868421052632	0.10556842395558522
59.963815789473685	0.10429041139955136
59.97894736842105	0.10353925515565361
59.99407894736842	0.10276401495950244
60.00921052631579	0.1019309116692087
60.02434210526316	0.10113233301074075
60.03947368421053	0.10008226657526444
60.054605263157896	0.09933356781971413
60.069736842105264	0.09878586327907585
60.08486842105263	0.09808378199371133
60.1	0.09732095979035497
60.11513157894737	0.09626270522152591
60.13026315789474	0.0954786031644512
60.14539473684211	0.09492659181456274
60.16052631578947	0.09451115703153475
60.175657894736844	0.09413357561829769
60.190789473684205	0.0934567771741318
60.20592105263158	0.09268492673396954
60.22105263157894	0.09185648822612741
60.23618421052632	0.09089253874751461
60.25131578947368	0.09038556949528759
60.266447368421055	0.09007481109430354
60.281578947368416	0.08939041045003729
60.29671052631579	0.08862783959182964
60.31184210526315	0.08794067261627522
60.32697368421053	0.08733725389733299
60.34210526315789	0.08699404455044274
60.357236842105266	0.08664125515364436
60.37236842105263	0.08603215582353457
60.3875	0.08528029934289993
60.402631578947364	0.08447775763718042
60.41776315789474	0.0840666912288366
60.4328947368421	0.08381771575518394
60.44802631578948	0.08311920804499905
60.46315789473684	0.08225188411936919
60.478289473684214	0.08165068031502988
60.493421052631575	0.08139602253994102
60.508552631578944	0.08096523576473376
60.52368421052631	0.08047085504816899
60.53881578947368	0.08009779596339361
60.55394736842105	0.07948620136933203
60.56907894736842	0.07898300319055679
60.584210526315786	0.07865105064778283
60.599342105263155	0.07816248125996711
60.61447368421052	0.0777410402843219
60.62960526315789	0.0771996970249099
60.64473684210526	0.07689168072913061
60.65986842105263	0.07624685734382394
60.675	0.07581843470961917
60.690131578947366	0.07541545629952041
60.705263157894734	0.07517364939983526
60.7203947368421	0.07473000924690949
60.73552631578947	0.07431996084479009
60.75065789473684	0.07392409092207498
60.76578947368421	0.07356199468253237
60.78092105263158	0.07323346244444766
60.796052631578945	0.07283979597364948
60.811184210526314	0.07262147266074852
60.82631578947368	0.07237441161572453
60.84144736842105	0.07208867838785543
60.85657894736842	0.07162180944307056
60.87171052631579	0.07111841864519838
60.886842105263156	0.07088695240440629
60.901973684210525	0.07065325264784063
60.91710526315789	0.07026911338736762
60.93223684210526	0.07001548882678767
60.94736842105263	0.06959264123161087
60.9625	0.06934030063301969
60.97763157894737	0.06902540235896268
60.992763157894736	0.0688775032787699
61.007894736842104	0.06856858749796813
61.02302631578947	0.06817805387784032
61.03815789473684	0.06787132999561464
61.05328947368421	0.06752463238262828
61.06842105263158	0.06733887674099613
61.08355263157895	0.06706122146631548
61.098684210526315	0.06677200526851394
61.11381578947368	0.06649459574600271
61.12894736842105	0.06612308105808573
61.14407894736842	0.06589595056830756
61.15921052631579	0.06571431547186696
61.17434210526316	0.06548284904561874
61.189473684210526	0.0651762358732773
61.204605263157895	0.064906460043125
61.21973684210526	0.06477973308097713
61.23486842105263	0.06464173998112106
61.25	0.06453387889425359
61.26513157894737	0.06441990451029792
61.28026315789474	0.06407568031029467
61.295394736842105	0.06395111013379534
61.310526315789474	0.06378327669148173
61.32565789473684	0.06369742136769364
61.34078947368421	0.06344463492455299
61.35592105263158	0.06314683346120556
61.37105263157895	0.06301325982854004
61.38618421052632	0.06271507227598803
61.401315789473685	0.06271396421126992
61.41644736842105	0.06242019174186007
61.43157894736842	0.06230346602678106
61.44671052631579	0.062046120523824376
61.46184210526316	0.06174438774921915
61.47697368421053	0.06153808191964939
61.492105263157896	0.06121398272971059
61.507236842105264	0.061090402636322136
61.52236842105263	0.06080735810637866
61.5375	0.06052729543880411
61.55263157894737	0.060200063176480856
61.56776315789473	0.05983301790109516
61.58289473684211	0.05972665309530302
61.59802631578947	0.05925415249242634
61.613157894736844	0.058932527298379285
61.628289473684205	0.05860024391462471
61.64342105263158	0.05838134113056622
61.65855263157894	0.05827202860159917
61.67368421052632	0.057854637077469205
61.68881578947368	0.0575828415750568
61.703947368421055	0.05728489434290212
61.719078947368416	0.05717682781943495
61.73421052631579	0.05685445169360333
61.74934210526315	0.05668338220559815
61.76447368421053	0.056565567847706805
61.77960526315789	0.056201988714581874
61.794736842105266	0.05615745852934143
61.80986842105263	0.05590258645552702
61.825	0.05588238273738681
61.840131578947364	0.055680566406199984
61.85526315789474	0.05547269208062016
61.8703947368421	0.05544575217369715
61.88552631578948	0.05516870227348581
61.90065789473684	0.05497153473995148
61.91578947368421	0.05486904423311616
61.930921052631575	0.05470859781897983
61.946052631578944	0.05444566690081798
61.96118421052631	0.05440033777160969
61.97631578947368	0.0543511353154082
61.99144736842105	0.05444407138064993
62.00657894736842	0.054355290416158664
62.021710526315786	0.05423017623659982
62.036842105263155	0.054176650662560576
62.05197368421052	0.053959441953688424
62.06710526315789	0.053654001952929416
62.08223684210526	0.053807261497507176
62.09736842105263	0.05367698634837731
62.1125	0.05355839732975603
62.127631578947366	0.05332531499251799
62.142763157894734	0.053312607494548456
62.1578947368421	0.05321018662750058
62.17302631578947	0.053044722903836015
62.18815789473684	0.05305127290112838
62.20328947368421	0.052956220558237226
62.21842105263158	0.05287479887296715
62.233552631578945	0.0528073999022719
62.248684210526314	0.0527247605219503
62.26381578947368	0.05259774971618503
62.27894736842105	0.052323549381769974
62.29407894736842	0.05213794889491999
62.30921052631579	0.0519563668381866
62.324342105263156	0.051669013677343466
62.339473684210525	0.051607446185080064
62.35460526315789	0.051484765297048825
62.36973684210526	0.05162326571035218
62.38486842105263	0.051351981514305464
62.4	0.051158781699775176
62.41513157894737	0.050934161179260536
62.430263157894736	0.05078146783348075
62.445394736842104	0.050495341868692395
62.46052631578947	0.05036512356795314
62.47565789473684	0.05026188114323642
62.49078947368421	0.05009153427367396
62.50592105263158	0.04996617457690583
62.52105263157895	0.0500575341178674
62.536184210526315	0.04991573372544303
62.55131578947368	0.049844682405831474
62.56644736842105	0.04958504107951782
62.58157894736842	0.04968409543821502
62.59671052631579	0.04939688851505903
62.61184210526316	0.04920201408517157
62.626973684210526	0.049366632824333304
62.642105263157895	0.04925212770173461
62.65723684210526	0.04923201778792949
62.67236842105263	0.04907119566659008
62.6875	0.048967708686868255
62.70263157894737	0.048797116207598745
62.71776315789474	0.0487803803172092
62.732894736842105	0.04851182046192146
62.748026315789474	0.048612704273549086
62.76315789473684	0.04862735430574304
62.77828947368421	0.04852327883355375
62.79342105263158	0.048382008796503
62.80855263157895	0.04833961911393031
62.82368421052632	0.048256888241394194
62.838815789473685	0.048145517316351874
62.85394736842105	0.04798793282221412
62.86907894736842	0.047788403931060715
62.88421052631579	0.047555171008318596
62.89934210526316	0.04753982512388082
62.91447368421053	0.04747729373266122
62.929605263157896	0.047199111941513106
62.944736842105264	0.0471773904428775
62.95986842105263	0.04709815110999887
62.974999999999994	0.04690706039096604
62.99013157894737	0.0468959480543935
63.00526315789473	0.04691187494142054
63.02039473684211	0.04683218634905386
63.03552631578947	0.046977007725677915
63.050657894736844	0.04682847659018455
63.065789473684205	0.046618023818937954
63.08092105263158	0.046583353189153846
63.09605263157894	0.04652625816715059
63.11118421052632	0.04648890331743185
63.12631578947368	0.046193113807494725
63.141447368421055	0.04621304230684581
63.156578947368416	0.046096356776693194
63.17171052631579	0.046302427076334335
63.18684210526315	0.04636354501158428
63.20197368421053	0.04637103862373446
63.21710526315789	0.04624122907067004
63.232236842105266	0.04641223233929781
63.24736842105263	0.046318558764348323
63.2625	0.046185968101443625
63.277631578947364	0.04614607911616939
63.29276315789474	0.04601223633745788
63.3078947368421	0.04598239863547643
63.32302631578947	0.04596350391106953
63.33815789473684	0.04593060858518428
63.35328947368421	0.04603450746438594
63.368421052631575	0.04588633303914521
63.383552631578944	0.04583026513742882
63.39868421052631	0.04590336719495364
63.41381578947368	0.04581434134478594
63.42894736842105	0.04572476227926967
63.44407894736842	0.04574451518362344
63.459210526315786	0.045719822789172034
63.474342105263155	0.045583203998049326
63.48947368421052	0.04565099361106732
63.50460526315789	0.04550080670472138
63.51973684210526	0.04554087947434045
63.53486842105263	0.045257705150131
63.55	0.04506343627269763
63.565131578947366	0.04510543852304095
63.580263157894734	0.04511699181533696
63.5953947368421	0.045003641005043414
63.61052631578947	0.044883037290024644
63.62565789473684	0.044734155772264875
63.64078947368421	0.0445847769978953
63.65592105263158	0.0444599112936344
63.671052631578945	0.04459101111807842
63.686184210526314	0.0444552219508092
63.70131578947368	0.0441485629071231
63.71644736842105	0.0440626944549371
63.73157894736842	0.04411116368933977
63.74671052631579	0.0440003543270092
63.761842105263156	0.04406584811344418
63.776973684210525	0.0440342969774435
63.79210526315789	0.0437953525218603
63.80723684210526	0.04362444546698676
63.82236842105263	0.043576630864182495
63.8375	0.04372230204084938
63.85263157894737	0.04375685740121624
63.867763157894736	0.0435407354105527
63.882894736842104	0.0434608616909687
63.89802631578947	0.04343447111037772
63.91315789473684	0.04334077509486855
63.92828947368421	0.04336241521957099
63.94342105263158	0.04332674331839084
63.95855263157895	0.04308508454522687
63.973684210526315	0.04310765904820045
63.98881578947368	0.04301486668975363
64.00394736842105	0.04308911658090807
64.01907894736841	0.04307782589730675
64.03421052631579	0.04289231636670434
64.04934210526315	0.042843685031192985
64.06447368421053	0.0426710021000193
64.07960526315789	0.04264453017928922
64.09473684210526	0.042582970217955776
64.10986842105262	0.042676701711390236
64.125	0.04269216794082076
64.14013157894736	0.04265104782521879
64.15526315789474	0.04260907263146006
64.1703947368421	0.04254786962349641
64.18552631578947	0.04257644191482418
64.20065789473684	0.04254092772876059
64.21578947368421	0.042606626111801
64.23092105263157	0.04266570878289642
64.24605263157895	0.04258133793158068
64.26118421052631	0.04246858278126786
64.27631578947368	0.0423066894424577
64.29144736842105	0.0422462820542766
64.30657894736842	0.042340758829836324
64.32171052631578	0.042261905796161896
64.33684210526316	0.04230504673337685
64.35197368421052	0.042305046864591876
64.3671052631579	0.042266838512908675
64.38223684210526	0.04225203888007464
64.39736842105263	0.042149944809038664
64.4125	0.04208023067058391
64.42763157894737	0.04188698562592738
64.44276315789473	0.04173366019961158
64.4578947368421	0.041867902542222835
64.47302631578947	0.04177401981895512
64.48815789473684	0.0416474012858841
64.5032894736842	0.041561799328901354
64.51842105263158	0.04143201653671934
64.53355263157894	0.04117586516820607
64.54868421052632	0.0411805060439806
64.56381578947368	0.041134496402344005
64.57894736842105	0.04115687445518213
64.59407894736842	0.04121677092242054
64.60921052631579	0.04116362774106648
64.62434210526315	0.04114927575817169
64.63947368421053	0.041219721411577474
64.65460526315789	0.04123994692148695
64.66973684210527	0.04142866217305685
64.68486842105263	0.04129761966394898
64.7	0.041324954486334435
64.71513157894736	0.04129888161095691
64.73026315789474	0.04134596890028163
64.7453947368421	0.04136739265650937
64.76052631578948	0.041202859089353686
64.77565789473684	0.04133630350700266
64.79078947368421	0.04138796578557995
64.80592105263158	0.04139719932898156
64.82105263157895	0.04139384162405369
64.83618421052631	0.04132285192478895
64.85131578947369	0.041234469684092834
64.86644736842105	0.04116193909104076
64.88157894736842	0.04121508457496884
64.89671052631579	0.041236997568370855
64.91184210526316	0.04116193911340936
64.92697368421052	0.04111337340099156
64.9421052631579	0.04099403846367856
64.95723684210526	0.040981746698219676
64.97236842105264	0.04072062977180555
64.9875	0.04068306851308744
65.00263157894737	0.04052818905164346
65.01776315789473	0.04032578436456105
65.03289473684211	0.040230030253479016
65.04802631578947	0.04029647846379877
65.06315789473685	0.0401500608611559
65.07828947368421	0.04006212686927017
65.09342105263158	0.039977910687813624
65.10855263157895	0.039919637025215435
65.1236842105263	0.04001787083986083
65.13881578947368	0.04004738062036236
65.15394736842106	0.04000527911843266
65.16907894736842	0.04009767069104107
65.18421052631578	0.03992616485085317
65.19934210526316	0.039845585532156655
65.21447368421053	0.039846893549165555
65.2296052631579	0.03977445336694558
65.24473684210525	0.03987130152265363
65.25986842105263	0.03966379293656619
65.275	0.039544916023226614
65.29013157894737	0.03962698368191361
65.30526315789473	0.03967299023997759
65.3203947368421	0.03975435648948635
65.33552631578948	0.03983817310283185
65.35065789473684	0.039473242286242806
65.3657894736842	0.03946752035033346
65.38092105263158	0.039467080164403985
65.39605263157895	0.03943757665769521
65.41118421052632	0.0393749737877833
65.42631578947368	0.03917237559786752
65.44144736842105	0.03922600213371345
65.45657894736841	0.039312713059781276
65.47171052631579	0.03928397811286026
65.48684210526315	0.039187451327331965
65.50197368421053	0.03902173997879942
65.51710526315789	0.03879222723433732
65.53223684210526	0.038760865470564176
65.54736842105262	0.0386333652382387
65.5625	0.03870075927297812
65.57763157894736	0.03873575785608812
65.59276315789474	0.03857981555721181
65.6078947368421	0.03856089749872017
65.62302631578947	0.03856630344508393
65.63815789473684	0.03868010379136405
65.65328947368421	0.03888124552456129
65.66842105263157	0.03871467219814531
65.68355263157895	0.03849732017057553
65.69868421052631	0.03840514980270336
65.71381578947368	0.03840650687011556
65.72894736842105	0.03838705135956068
65.74407894736842	0.03833225112998066
65.75921052631578	0.038135047340169904
65.77434210526316	0.03816783364884252
65.78947368421052	0.03830731634908034
65.8046052631579	0.03836803889202512
65.81973684210526	0.03834222084645213
65.83486842105263	0.03828917147054125
65.85	0.03825739728543278
65.86513157894737	0.03830640920117913
65.88026315789473	0.03823650276924609
65.8953947368421	0.038113174349805115
65.91052631578947	0.037987616435158585
65.92565789473684	0.03799264668178126
65.9407894736842	0.03784282432813748
65.95592105263158	0.03785475847988688
65.97105263157894	0.03783180490418559
65.98618421052632	0.03803560577149121
66.00131578947368	0.03798350035250477
66.01644736842105	0.037982128178813274
66.03157894736842	0.037983499960884036
66.04671052631579	0.03786347703333645
66.06184210526315	0.03794780760536467
66.07697368421053	0.03789558143297134
66.09210526315789	0.03774077082717883
66.10723684210527	0.03773570701093584
66.12236842105263	0.037824915777279
66.1375	0.037949181038692506
66.15263157894736	0.03790108184339556
66.16776315789474	0.03769701451605298
66.1828947368421	0.03772511618040413
66.19802631578948	0.037572377661221644
66.21315789473684	0.037742151434115113
66.22828947368421	0.03775733844314479
