50.0	0.07757351378719363
50.01633986928105	0.08103585640325808
50.032679738562095	0.0843934435585759
50.049019607843135	0.08753080039788041
50.06535947712418	0.09059044674215964
50.08169934640523	0.09358247884599034
50.09803921568628	0.09654196813291016
50.11437908496732	0.09942786549814447
50.130718954248366	0.10211006698710084
50.14705882352941	0.10465006971584376
50.16339869281046	0.10679060690840268
50.1797385620915	0.1087167302594902
50.19607843137255	0.11038537111243923
50.212418300653596	0.11152704110960238
50.22875816993464	0.1117329835033184
50.245098039215684	0.1118086197798467
50.26143790849673	0.11191840333028728
50.27777777777778	0.11208866313109236
50.294117647058826	0.11192587367634121
50.310457516339866	0.11180048020185981
50.326797385620914	0.111748795929148
50.34313725490196	0.1118127329912226
50.35947712418301	0.11188484627726568
50.37581699346405	0.11201350207829786
50.3921568627451	0.11216076968737682
50.408496732026144	0.11245997734793213
50.42483660130719	0.11270823033396328
50.44117647058823	0.11265768216646443
50.45751633986928	0.1128009476327511
50.47385620915033	0.11296581676143831
50.490196078431374	0.11320180426074147
50.50653594771242	0.11352618314632078
50.52287581699346	0.11369902070609923
50.53921568627451	0.11409897752208113
50.55555555555556	0.1144471586398874
50.571895424836605	0.11480664191830148
50.588235294117645	0.11509292731838433
50.60457516339869	0.11538999973963551
50.62091503267974	0.11571236324014321
50.63725490196079	0.1160960694011031
50.65359477124183	0.11645141104033702
50.669934640522875	0.11677985554801257
50.68627450980392	0.11734092558041741
50.70261437908497	0.11768617454480192
50.71895424836601	0.11796831823687878
50.73529411764706	0.1181732780133148
50.751633986928105	0.11836521058184263
50.76797385620915	0.11876322722611461
50.78431372549019	0.11893992819964606
50.80065359477124	0.11906433118070471
50.81699346405229	0.11929009092105654
50.833333333333336	0.11946923735426092
50.849673202614376	0.11983320387218287
50.86601307189542	0.12012921892304114
50.88235294117647	0.12020878646240261
50.89869281045752	0.12031950246602699
50.91503267973856	0.12057934316952923
50.931372549019606	0.12080929575515041
50.947712418300654	0.12129130641864443
50.9640522875817	0.12150218764770859
50.98039215686275	0.12177388957791034
50.99673202614379	0.12209479823208894
51.01307189542484	0.12213365154973324
51.029411764705884	0.1222833277414691
51.04575163398693	0.12252809923702805
51.06209150326797	0.12255412308658191
51.07843137254902	0.12282880105290642
51.09477124183007	0.12312763728401138
51.111111111111114	0.12346872098238473
51.127450980392155	0.12385581795847346
51.1437908496732	0.12426034302017037
51.16013071895425	0.12462433212883835
51.1764705882353	0.12491102697255753
51.19281045751634	0.12499853892422037
51.209150326797385	0.12524541677051257
51.22549019607843	0.12561259661430693
51.24183006535948	0.12587668801385682
51.25816993464052	0.12621444304044627
51.27450980392157	0.12639306075484702
51.290849673202615	0.12689654465223593
51.30718954248366	0.12719543973378789
51.3235294117647	0.12727072473803916
51.33986928104575	0.12754211272745852
51.3562091503268	0.12806731917682637
51.372549019607845	0.12840566919610483
51.388888888888886	0.12882276269785356
51.40522875816993	0.1290425006291144
51.42156862745098	0.12933152123706518
51.43790849673203	0.12965920744687873
51.454248366013076	0.12981939480104226
51.470588235294116	0.13007240821148872
51.48692810457516	0.13009228126394312
51.50326797385621	0.13033379206009676
51.51960784313726	0.13059760273865056
51.5359477124183	0.1308921397387021
51.552287581699346	0.13123809408623197
51.568627450980394	0.131585974050908
51.58496732026144	0.13195299381745612
51.60130718954248	0.13229141683255707
51.61764705882353	0.13250267292587833
51.63398692810458	0.1327724060375602
51.650326797385624	0.1332457342384773
51.666666666666664	0.13360405913731105
51.68300653594771	0.13370078416709646
51.69934640522876	0.13425220454011141
51.71568627450981	0.13465923649421163
51.73202614379085	0.13486149611447654
51.748366013071895	0.1351678772034414
51.76470588235294	0.13574294668141518
51.78104575163399	0.13612562439746767
51.79738562091503	0.1365477109908058
51.81372549019608	0.13697789396319182
51.830065359477125	0.13735320991268168
51.84640522875817	0.13785352757205827
51.86274509803921	0.13824457857934558
51.87908496732026	0.13863790231983153
51.89542483660131	0.1389477372591095
51.911764705882355	0.13916619314205525
51.928104575163395	0.13972302820553817
51.94444444444444	0.1399882540310183
51.96078431372549	0.14037043780261085
51.97712418300654	0.1405189836592947
51.99346405228758	0.14079499367496084
52.009803921568626	0.1414585998742475
52.02614379084967	0.14147336054488072
52.04248366013072	0.14194146876181632
52.05882352941177	0.14217311757996592
52.07516339869281	0.1425940402852753
52.091503267973856	0.14286652019316234
52.1078431372549	0.14312830687776457
52.12418300653595	0.1434936164717583
52.14052287581699	0.14378862067424397
52.15686274509804	0.14433743697389753
52.173202614379086	0.14451747960537606
52.189542483660134	0.1449591026321416
52.205882352941174	0.1451598453146834
52.22222222222222	0.1457525376793671
52.23856209150327	0.1462441373318307
52.254901960784316	0.14642566001274268
52.27124183006536	0.14686374399963714
52.287581699346404	0.1473802455917024
52.30392156862745	0.14813051538725988
52.3202614379085	0.14833156091135719
52.33660130718954	0.14846687773521194
52.35294117647059	0.14904230123554008
52.369281045751634	0.1495584864125828
52.38562091503268	0.15001297106597172
52.40196078431373	0.15038980174141547
52.41830065359477	0.15059752344176144
52.43464052287582	0.1512908432919174
52.450980392156865	0.1513876517180978
52.467320261437905	0.15212321241685825
52.48366013071895	0.1522418351650454
52.5	0.15275703239914765
52.51633986928105	0.1529741570106291
52.532679738562095	0.15363234066263387
52.549019607843135	0.15387687450590803
52.56535947712418	0.15418623592040365
52.58169934640523	0.1546274687883439
52.59803921568628	0.15520815108586972
52.61437908496732	0.155747796181422
52.630718954248366	0.15581105239801246
52.64705882352941	0.15638143240577604
52.66339869281046	0.1569275568797105
52.6797385620915	0.15738532461957078
52.69607843137255	0.15714714228630816
52.712418300653596	0.15778577375035002
52.72875816993464	0.15824955555326392
52.745098039215684	0.15883587057510057
52.76143790849673	0.1589257571528145
52.77777777777778	0.15957420088054028
52.794117647058826	0.16007225026706112
52.810457516339866	0.16041256686302033
52.826797385620914	0.16091492527694273
52.84313725490196	0.16172834474833653
52.85947712418301	0.1620663759761109
52.87581699346405	0.1625674327095423
52.8921568627451	0.16307480379454467
52.908496732026144	0.16365873931713187
52.92483660130719	0.16388967806845894
52.94117647058823	0.16439393848649664
52.95751633986928	0.1652413196916537
52.97385620915033	0.16546950194248702
52.990196078431374	0.16608852083296155
53.00653594771242	0.1666308911161616
53.02287581699346	0.1672235317240477
53.03921568627451	0.1678801405200322
53.05555555555556	0.16840193758230323
53.071895424836605	0.16875414972927769
53.088235294117645	0.16945240208230655
53.10457516339869	0.17018926380981747
53.12091503267974	0.17053005591158413
53.13725490196079	0.1711398543533237
53.15359477124183	0.17175648198488172
53.169934640522875	0.1720051188259301
53.18627450980392	0.172557812986389
53.20261437908497	0.17318903102621894
53.21895424836601	0.1736091349222452
53.23529411764706	0.17397177409920683
53.251633986928105	0.1748251037238728
53.26797385620915	0.17499416900500894
53.28431372549019	0.17538819777662024
53.30065359477124	0.17619823325286008
53.31699346405229	0.17653646027623748
53.333333333333336	0.17722981558590975
53.349673202614376	0.17819433940957025
53.36601307189542	0.1784789298387096
53.38235294117647	0.17925206824689577
53.39869281045752	0.17978973612750823
53.41503267973856	0.1800162226520529
53.431372549019606	0.1807080374000807
53.447712418300654	0.18122036914562362
53.4640522875817	0.18159613687418633
53.48039215686275	0.1823735157068549
53.49673202614379	0.1830185190553832
53.51307189542484	0.18360413384146804
53.529411764705884	0.18425780526546243
53.54575163398693	0.18482553781233071
53.56209150326797	0.18563064182882952
53.57843137254902	0.18609620460589957
53.59477124183007	0.18669046797001443
53.611111111111114	0.1878415087323781
53.627450980392155	0.18837440671032377
53.6437908496732	0.189061515436531
53.66013071895425	0.18966291230778282
53.6764705882353	0.1901426848235936
53.69281045751634	0.1911660310982741
53.709150326797385	0.19143245027983455
53.72549019607843	0.19201806000916122
53.74183006535948	0.19355338721688614
53.75816993464052	0.19372461542880726
53.77450980392157	0.1946705637129077
53.790849673202615	0.19548394522829832
53.80718954248366	0.1956733767101275
53.8235294117647	0.1969301791854946
53.83986928104575	0.19730478211621005
53.8562091503268	0.19792073234704574
53.872549019607845	0.1988013390668962
53.888888888888886	0.19930597390388435
53.90522875816993	0.20051191211107186
53.92156862745098	0.20110564456695063
53.93790849673203	0.20152816185468725
53.954248366013076	0.202271564302768
53.970588235294116	0.20277651751626383
53.98692810457516	0.20380891471196336
54.00326797385621	0.20421594542967492
54.01960784313725	0.20509543516695294
54.0359477124183	0.2056600387067694
54.052287581699346	0.20662795726355457
54.068627450980394	0.2074218225769144
54.08496732026144	0.20786478758275392
54.10130718954248	0.20931607468288724
54.11764705882353	0.20944896663936424
54.13398692810458	0.21078729171781455
54.150326797385624	0.21078760591717366
54.166666666666664	0.21164121561755317
54.18300653594771	0.2129204375534306
54.19934640522876	0.21305102735971082
54.21568627450981	0.21482073516426567
54.23202614379085	0.2144611468084269
54.248366013071895	0.21608234147036384
54.26470588235294	0.2165995694980945
54.28104575163399	0.21738617781208608
54.29738562091503	0.21916566522748265
54.31372549019608	0.21908099634255732
54.330065359477125	0.2211165089629077
54.34640522875817	0.22090909906862663
54.36274509803921	0.22279200715834138
54.37908496732026	0.22328544026858077
54.39542483660131	0.2237482139978692
54.411764705882355	0.2255084040956552
54.4281045751634	0.2253252581426764
54.44444444444444	0.22769546926712328
54.46078431372549	0.22764533296489636
54.47712418300654	0.22945468880281483
54.49346405228758	0.23033708695432065
54.509803921568626	0.23123439213769695
54.52614379084967	0.2325053191064722
54.54248366013072	0.23274708027430746
54.55882352941177	0.23423411152474324
54.57516339869281	0.23493736029295456
54.591503267973856	0.23593784508227306
54.6078431372549	0.23704538321375546
54.62418300653595	0.23735662927967213
54.64052287581699	0.2387882534129111
54.65686274509804	0.23916514989164525
54.673202614379086	0.24064039977014048
54.689542483660134	0.24109824321732512
54.705882352941174	0.2424012851656509
54.72222222222222	0.24353255758407116
54.73856209150327	0.24442407059826457
54.754901960784316	0.24576042497391107
54.77124183006536	0.24621010261214643
54.787581699346404	0.24814514236863386
54.80392156862745	0.24867500482561752
54.8202614379085	0.24994979498366443
54.83660130718954	0.2506273249940072
54.85294117647059	0.25209961308919326
54.869281045751634	0.25327996261619806
54.88562091503268	0.2543217648109654
54.90196078431373	0.25541311131373834
54.91830065359477	0.2568704876089548
54.93464052287582	0.2580169546520463
54.950980392156865	0.25922558716835725
54.967320261437905	0.260481526504088
54.98366013071895	0.26166711644897533
55.0	0.2632008964820383
55.01633986928105	0.2642555556337325
55.032679738562095	0.26556851184647334
55.049019607843135	0.2665915989813052
55.06535947712418	0.2679209636695897
55.08169934640523	0.26904351741138915
55.09803921568628	0.27045137759434323
55.11437908496732	0.2714644780931674
55.130718954248366	0.2728769504987386
55.14705882352941	0.2741929435003445
55.16339869281046	0.2755417427285799
55.1797385620915	0.2770306444534388
55.19607843137255	0.2782499002798943
55.212418300653596	0.279910001542262
55.22875816993464	0.2810770008380808
55.245098039215684	0.28220462362665966
55.26143790849673	0.28360088825356294
55.27777777777778	0.28509629533735914
55.294117647058826	0.28639023758574633
55.310457516339866	0.28792581644698306
55.326797385620914	0.2892645119092784
55.34313725490196	0.2911597008439635
55.35947712418301	0.2926353554164972
55.375816993464056	0.29412393830717254
55.3921568627451	0.2954556704216223
55.408496732026144	0.2971648605735815
55.42483660130719	0.29845813397484094
55.44117647058823	0.2999131138723445
55.45751633986928	0.30159514139997456
55.47385620915033	0.3033448130114369
55.490196078431374	0.304965270881507
55.50653594771242	0.306554227875169
55.52287581699346	0.3081727423100028
55.53921568627451	0.30981497555256676
55.55555555555556	0.3114147097543849
55.571895424836605	0.3132677815447735
55.588235294117645	0.3150071706059595
55.60457516339869	0.3169979033076075
55.62091503267974	0.3189191827640995
55.63725490196079	0.32028145687937437
55.65359477124183	0.3222422873526642
55.669934640522875	0.32371604210634014
55.68627450980392	0.3255736878817545
55.70261437908497	0.32780723611404183
55.71895424836601	0.32969685147001143
55.73529411764706	0.33170041630851327
55.751633986928105	0.33367105937399605
55.76797385620915	0.3357270306621906
55.78431372549019	0.3376636914303408
55.80065359477124	0.3394808992350056
55.81699346405229	0.3413831050000008
55.833333333333336	0.3433222047322078
55.84967320261438	0.345375839052043
55.86601307189542	0.3475530303376994
55.88235294117647	0.35014687386595444
55.89869281045752	0.35244720285615266
55.91503267973856	0.35442776699236084
55.931372549019606	0.35631719938772755
55.947712418300654	0.35871522989414134
55.9640522875817	0.36132530115536077
55.98039215686275	0.3635547594799107
55.99673202614379	0.3657077158790121
56.01307189542484	0.3681410147666581
56.029411764705884	0.37064132099491753
56.04575163398693	0.3729367733250866
56.06209150326797	0.3751813242589609
56.07843137254902	0.37778139221958207
56.09477124183007	0.38053811048313896
56.111111111111114	0.3830949891330003
56.127450980392155	0.38561737918295613
56.1437908496732	0.3884495604689421
56.16013071895425	0.3914033071218072
56.1764705882353	0.3941196573345582
56.19281045751634	0.39657450424064167
56.209150326797385	0.3993581792557972
56.22549019607843	0.40217666604700164
56.24183006535948	0.4048148078859045
56.25816993464052	0.40776141958581485
56.27450980392157	0.41060630067293674
56.290849673202615	0.4135827220552138
56.30718954248366	0.41626386572781904
56.32352941176471	0.4196687509689413
56.33986928104575	0.4227936235017511
56.3562091503268	0.42540884258632616
56.372549019607845	0.4287195495228001
56.388888888888886	0.43221050785716186
56.40522875816993	0.43511677717917646
56.42156862745098	0.43790929944285684
56.43790849673203	0.4415422779080944
56.454248366013076	0.4448809363606138
56.470588235294116	0.44806383360870833
56.48692810457516	0.4515900596825323
56.50326797385621	0.4550743395135371
56.51960784313725	0.4585470431772229
56.5359477124183	0.46230409502938036
56.552287581699346	0.4659380101033657
56.568627450980394	0.4697667062001192
56.58496732026144	0.47381306555767466
56.60130718954248	0.47736425875467214
56.61764705882353	0.4812903282081921
56.63398692810458	0.4858228048573272
56.650326797385624	0.48943553020037367
56.666666666666664	0.49357493078897874
56.68300653594771	0.4982095220915413
56.69934640522876	0.502126093970647
56.71568627450981	0.506796173075129
56.73202614379085	0.5113389295970776
56.748366013071895	0.5159972709384517
56.76470588235294	0.5208794632852042
56.78104575163399	0.5252541822932373
56.79738562091504	0.530238837993997
56.81372549019608	0.5349615643415628
56.830065359477125	0.539778766549108
56.84640522875817	0.5452638003560022
56.86274509803921	0.5497374096507768
56.87908496732026	0.5551866029173643
56.89542483660131	0.5604426457955226
56.911764705882355	0.5654254949035046
56.9281045751634	0.5717527066674503
56.94444444444444	0.576785910739802
56.96078431372549	0.5827178579243081
56.97712418300654	0.5885704134765064
56.99346405228758	0.594546676493008
57.009803921568626	0.6003024408982485
57.02614379084967	0.606551835470226
57.04248366013072	0.6130349077612544
57.05882352941177	0.6191624107007353
57.07516339869281	0.6260539910857237
57.091503267973856	0.6316826904886914
57.1078431372549	0.6395320757597686
57.12418300653595	0.6459622501073651
57.14052287581699	0.653270550188579
57.15686274509804	0.6605640710148387
57.173202614379086	0.6678380196770911
57.189542483660134	0.6757756686688916
57.205882352941174	0.683122102827466
57.22222222222222	0.6916450054633985
57.23856209150327	0.6997218881817067
57.254901960784316	0.7078172219320776
57.271241830065364	0.7160661452509867
57.287581699346404	0.7249619101030977
57.30392156862745	0.7335994490726955
57.3202614379085	0.7428555173697685
57.33660130718954	0.7518236815943682
57.35294117647059	0.7618413272785466
57.369281045751634	0.7707942258340198
57.38562091503268	0.7814348664219312
57.40196078431373	0.790953265163413
57.41830065359477	0.8022294849044175
57.43464052287582	0.8123510562615084
57.450980392156865	0.8235543086590296
57.467320261437905	0.8344116557898933
57.48366013071895	0.8462054868602994
57.5	0.8582514398152913
57.51633986928105	0.8696968387317754
57.532679738562095	0.8824869192866319
57.549019607843135	0.8941893608965021
57.56535947712418	0.9081217889494907
57.58169934640523	0.9203184428042221
57.59803921568628	0.9350999196572181
57.61437908496732	0.9476696811370864
57.630718954248366	0.9626302890706043
57.64705882352941	0.9768944420915956
57.66339869281046	0.9914311167370629
57.6797385620915	1.0066173731203263
57.69607843137255	1.0210968112436032
57.712418300653596	1.0373614745445565
57.72875816993464	1.0527105093326585
57.745098039215684	1.0689474546238873
57.76143790849673	1.0849869675378063
57.77777777777778	1.1015971272252334
57.794117647058826	1.119574117688262
57.810457516339866	1.1357750820993575
57.826797385620914	1.15319840852541
57.84313725490196	1.1708962213492276
57.85947712418301	1.1882362996365863
57.875816993464056	1.2081726956986607
57.8921568627451	1.2248579726925601
57.908496732026144	1.2442142635826074
57.92483660130719	1.2621085659027025
57.94117647058823	1.280564052924509
57.95751633986928	1.3000676156951383
57.97385620915033	1.3181076024744227
57.990196078431374	1.3369161137735117
58.00653594771242	1.355924803448686
58.02287581699346	1.3739573360116126
58.03921568627451	1.3925718262492857
58.05555555555556	1.4123433378818986
58.0718954248366	1.4290822565424148
58.088235294117645	1.4480141916648681
58.10457516339869	1.4658075992875765
58.12091503267974	1.481536689336841
58.13725490196079	1.500488727300733
58.15359477124183	1.517527251574303
58.169934640522875	1.532905631949265
58.18627450980392	1.5502216417348993
58.20261437908497	1.5642764059390375
58.21895424836602	1.5790544762444128
58.23529411764706	1.5947273849245827
58.251633986928105	1.6092254878728542
58.26797385620915	1.6217954208124914
58.28431372549019	1.6345087933504088
58.30065359477124	1.6475658145032912
58.31699346405229	1.658242996019539
58.333333333333336	1.6693002674472897
58.34967320261438	1.682101424893496
58.36601307189542	1.6906844244526182
58.38235294117647	1.6982310767997268
58.39869281045752	1.7088678503018564
58.41503267973856	1.715932979778589
58.431372549019606	1.7218941642244807
58.447712418300654	1.7298829248632857
58.4640522875817	1.7353555683087385
58.48039215686275	1.7389047462004947
58.49673202614379	1.743185525137801
58.51307189542484	1.7461510384626975
58.529411764705884	1.748825069528713
58.545751633986924	1.7499204299513904
58.56209150326797	1.7495049142036343
58.57843137254902	1.7492729003269052
58.59477124183007	1.749773649916266
58.611111111111114	1.745985947345292
58.627450980392155	1.741666576966861
58.6437908496732	1.73961241431105
58.66013071895425	1.7338051967092607
58.6764705882353	1.7252867310475963
58.692810457516345	1.7181446652121837
58.709150326797385	1.7111406690695121
58.72549019607843	1.7010335960520266
58.74183006535948	1.6900296784299225
58.75816993464052	1.6786509664970883
58.77450980392157	1.6651425284118007
58.790849673202615	1.6510000123616722
58.80718954248366	1.6368847112270808
58.82352941176471	1.6216632493123357
58.83986928104575	1.6040015276851505
58.8562091503268	1.5865161057181687
58.872549019607845	1.5701819274178108
58.888888888888886	1.551687619501586
58.90522875816993	1.5312792532201622
58.92156862745098	1.5105617657570916
58.93790849673203	1.4910656064848729
58.954248366013076	1.4715720119917237
58.970588235294116	1.4504187182615476
58.98692810457516	1.4293347735089605
59.00326797385621	1.4092556239860452
59.01960784313725	1.3885334987317397
59.0359477124183	1.3671682407142787
59.052287581699346	1.346143392518286
59.068627450980394	1.3264652854079877
59.08496732026144	1.308019287663929
59.10130718954248	1.2887790770103809
59.11764705882353	1.268681633846411
59.13398692810458	1.2493372233319309
59.150326797385624	1.2316745500975834
59.16666666666667	1.2147289214599997
59.18300653594771	1.197591129246788
59.19934640522876	1.1804541504611754
59.21568627450981	1.1637858505382728
59.23202614379085	1.147957924070167
59.248366013071895	1.1327410053262508
59.26470588235294	1.1179233220364648
59.28104575163399	1.1026276148973173
59.29738562091504	1.0876385367531243
59.31372549019608	1.0737983785612237
59.330065359477125	1.0606331566410014
59.34640522875817	1.0478463742057678
59.36274509803921	1.0348003005362298
59.37908496732026	1.0218296368486426
59.39542483660131	1.0085801056098218
59.411764705882355	0.9957505758638239
59.4281045751634	0.9832137169802524
59.44444444444444	0.9714918872468393
59.46078431372549	0.9601048084641757
59.47712418300654	0.9488076994544352
59.49346405228758	0.9374394136720327
59.509803921568626	0.9258473122428641
59.52614379084967	0.9144370829858259
59.54248366013072	0.903466387134782
59.55882352941177	0.8930436564199676
59.57516339869281	0.8831663162997474
59.591503267973856	0.8732556073644809
59.6078431372549	0.8635366989964337
59.62418300653595	0.8538084594655405
59.640522875817	0.8440866706001485
59.65686274509804	0.8343606492686834
59.673202614379086	0.824883215247756
59.689542483660134	0.8157648894687922
59.705882352941174	0.806738823003217
59.72222222222222	0.7980265766138797
59.73856209150327	0.7893451692515702
59.754901960784316	0.7812193565669162
59.771241830065364	0.7730725963197489
59.787581699346404	0.7650412608558228
59.80392156862745	0.7571430336105672
59.8202614379085	0.74920445151542
59.83660130718954	0.741639525616931
59.85294117647059	0.7341259208102454
59.869281045751634	0.7267662200182328
59.88562091503268	0.7194195345724502
59.90196078431373	0.7120421047890363
59.91830065359477	0.7050291828500077
59.93464052287582	0.6980481227085445
59.950980392156865	0.6910816456997572
59.967320261437905	0.6842126228430134
59.98366013071895	0.6775337652162694
60.0	0.6708640152828865
60.01633986928105	0.6644826319018023
60.032679738562095	0.6581378208696976
60.049019607843135	0.6520074998968769
60.06535947712418	0.6458559136176101
60.08169934640523	0.6397729895033987
60.09803921568628	0.6337758043408861
60.114379084967325	0.6282956097454734
60.130718954248366	0.6226837484496647
60.14705882352941	0.6170665411856656
60.16339869281046	0.6112882011779356
60.1797385620915	0.6061354023514377
60.19607843137255	0.6008143121130837
60.212418300653596	0.59545069171442
60.22875816993464	0.5900669438943507
60.24509803921569	0.5849594185769607
60.26143790849673	0.580220367678823
60.27777777777778	0.5753770242987006
60.294117647058826	0.5705716000055157
60.310457516339866	0.5658916684410091
60.326797385620914	0.5611635067375834
60.34313725490196	0.556274613143083
60.35947712418301	0.5516349248243703
60.375816993464056	0.546748196235611
60.3921568627451	0.542274066691543
60.408496732026144	0.5380698592144566
60.42483660130719	0.5339257919049696
60.44117647058823	0.5296142966795189
60.45751633986928	0.5251594443369824
60.47385620915033	0.5208801861988096
60.490196078431374	0.5170977472052006
60.50653594771242	0.5132123194290312
60.52287581699346	0.5095276706681674
60.53921568627451	0.5057041269195346
60.55555555555556	0.5020734217859277
60.5718954248366	0.49825436127067146
60.58823529411765	0.4944283844169988
60.60457516339869	0.4907750587017618
60.62091503267974	0.4873253324246484
60.63725490196079	0.4837753120006719
60.65359477124183	0.48044115060429116
60.669934640522875	0.4768198686063542
60.68627450980392	0.47343538567853005
60.70261437908497	0.47039300315284815
60.71895424836602	0.46734898057273405
60.73529411764706	0.46393584751182493
60.751633986928105	0.46020712994199686
60.76797385620915	0.45666566671558634
60.78431372549019	0.4537422278467171
60.80065359477124	0.45125553530326085
60.81699346405229	0.4482495902400802
60.833333333333336	0.44505732303217016
60.84967320261438	0.4417104013763045
60.86601307189542	0.43889974619302674
60.88235294117647	0.4363654947857471
60.89869281045752	0.4334883345315866
60.91503267973856	0.4304091500978887
60.931372549019606	0.4275243012389949
60.947712418300654	0.4246434355704315
60.9640522875817	0.42208938259364426
60.98039215686275	0.4193032095080058
60.99673202614379	0.41678796581701644
61.01307189542484	0.4142931840469
61.029411764705884	0.41165783999205774
61.045751633986924	0.40884081667485844
61.06209150326797	0.4060079315717053
61.07843137254902	0.4039318101312578
61.09477124183007	0.401748738333167
61.111111111111114	0.3993712410125068
61.127450980392155	0.39665892074987935
61.1437908496732	0.3943401059685062
61.16013071895425	0.3919062062831578
61.1764705882353	0.38967955803191956
61.192810457516345	0.3873418639819417
61.209150326797385	0.38481461532834055
61.22549019607843	0.38265368127955884
61.24183006535948	0.3807138481749529
61.25816993464052	0.3785008725907713
61.27450980392157	0.3759411383180112
61.290849673202615	0.3735281910028711
61.30718954248366	0.37172608025778753
61.32352941176471	0.36972608123459005
61.33986928104575	0.3674029573958563
61.3562091503268	0.36562405451013574
61.372549019607845	0.36377839370889786
61.388888888888886	0.3617960582794872
61.40522875816993	0.35983415891676535
61.42156862745098	0.3577450238960257
61.43790849673203	0.35566553510595184
61.454248366013076	0.35390677449425323
61.470588235294116	0.3518311232575627
61.48692810457516	0.349970898270535
61.50326797385621	0.3483789594923427
61.51960784313725	0.3463574884278409
61.5359477124183	0.34447056097188655
61.552287581699346	0.342820274167774
61.568627450980394	0.34071995532016586
61.58496732026144	0.33895523224238605
61.60130718954248	0.3376145453882599
61.61764705882353	0.3358488064209537
61.63398692810458	0.3341294863583162
61.650326797385624	0.3324582104665244
61.66666666666667	0.33085820302784713
61.68300653594771	0.32911548837457194
61.69934640522876	0.3271894483259834
61.71568627450981	0.32594528753907265
61.73202614379085	0.3240389612040453
61.748366013071895	0.32260555662239737
61.76470588235294	0.3212083955093907
61.78104575163399	0.3191831028118651
61.79738562091504	0.31783433900847036
61.81372549019608	0.31633126636870096
61.830065359477125	0.31471164644712246
61.84640522875817	0.3133667323149871
61.86274509803921	0.3118692803273862
61.87908496732026	0.31052625395531785
61.89542483660131	0.3091619000241833
61.911764705882355	0.3078085483400111
61.9281045751634	0.3062175922020793
61.94444444444444	0.3048909483103914
61.96078431372549	0.3032718177323226
61.97712418300654	0.3020549179732684
61.99346405228758	0.30071740830943067
62.009803921568626	0.299095325099793
62.02614379084967	0.2983014303329403
62.04248366013072	0.29653806968504764
62.05882352941177	0.2955700597106041
62.07516339869281	0.29420704260115743
62.091503267973856	0.2929530682569676
62.1078431372549	0.2915907045996346
62.12418300653595	0.2904033008965935
62.140522875817	0.28918614544973636
62.15686274509804	0.28788398544071253
62.173202614379086	0.28660164195155285
62.189542483660134	0.2855544881840872
62.205882352941174	0.28400508278745557
62.22222222222222	0.28302492415031266
62.23856209150327	0.28177486371595156
62.254901960784316	0.280909121421873
62.271241830065364	0.27960384126645926
62.287581699346404	0.278601927667892
62.30392156862745	0.27718255347543364
62.3202614379085	0.2762814043698031
62.33660130718954	0.27512905990728015
62.35294117647059	0.2740400764704243
62.369281045751634	0.272830811903937
62.38562091503268	0.27168969557845474
62.40196078431373	0.2703898926334446
62.41830065359477	0.26947485752137573
62.43464052287582	0.26853711117247797
62.450980392156865	0.2674825242552421
62.467320261437905	0.26660981946737655
62.48366013071895	0.2654279716181422
62.5	0.2645389732854613
62.51633986928105	0.2632283785436469
62.532679738562095	0.2623912172595555
62.549019607843135	0.2612212101957071
62.56535947712418	0.26030448453775523
62.58169934640523	0.2589236091150255
62.59803921568628	0.25795850004672644
62.614379084967325	0.2568151459647714
62.630718954248366	0.25583151292972
62.64705882352941	0.254640001679063
62.66339869281046	0.2535605028674293
62.6797385620915	0.2524691247164195
62.69607843137255	0.2516471936758853
62.712418300653596	0.25050524496416493
62.72875816993464	0.2500654036676172
62.74509803921569	0.24864274689073576
62.76143790849673	0.24808289907521475
62.77777777777778	0.24704187648248044
62.794117647058826	0.24598161575012115
62.810457516339866	0.24526418050382146
62.826797385620914	0.24430561803365392
62.84313725490196	0.24363913400053047
62.85947712418301	0.2425662131765816
62.875816993464056	0.2415547350619395
62.8921568627451	0.24054398901526017
62.908496732026144	0.23981801661418226
62.92483660130719	0.23910816459967554
62.94117647058823	0.2382419165512298
62.95751633986928	0.2375172845293694
62.97385620915033	0.23652901819800298
62.990196078431374	0.2361191188384589
63.00653594771242	0.23502833955626257
63.02287581699346	0.23422992518731375
63.03921568627451	0.23353126955822998
63.05555555555556	0.2324314603097789
63.071895424836605	0.23186981766454465
63.08823529411765	0.2309966801605797
63.10457516339869	0.23016639038353134
63.12091503267974	0.22937130736418276
63.13725490196079	0.22834315301450098
63.15359477124183	0.2277460040364754
63.169934640522875	0.2267542002091925
63.18627450980392	0.22614937992640705
63.20261437908497	0.22555489407598153
63.21895424836602	0.22473953667132954
63.23529411764706	0.22425363120875064
63.251633986928105	0.2234702097845667
63.26797385620915	0.22273599556933868
63.28431372549019	0.22197023227642662
63.30065359477124	0.2215433678721712
63.31699346405229	0.22065094818018682
63.333333333333336	0.2199934004212938
63.34967320261438	0.21930655407466773
63.36601307189542	0.2184268487642611
63.38235294117647	0.21784526071796975
63.39869281045752	0.21701602244280177
63.41503267973856	0.21623958048767025
63.431372549019606	0.21550243117855644
63.447712418300654	0.21501737869959378
63.4640522875817	0.21433489372545997
63.48039215686275	0.21358659822963852
63.49673202614379	0.21309290986590337
63.51307189542484	0.21240942088633658
63.529411764705884	0.21159481760894583
63.54575163398693	0.21101421831789982
63.56209150326798	0.2102488624174685
63.57843137254902	0.20955775433255738
63.59477124183007	0.2089089286762446
63.611111111111114	0.20830050175392248
63.627450980392155	0.20741250094087704
63.6437908496732	0.20693347432844325
63.66013071895425	0.20631022625764997
63.6764705882353	0.20565369737320613
63.692810457516345	0.20503434950517566
63.709150326797385	0.2043712165216106
63.72549019607843	0.20401038537646532
63.74183006535948	0.2032680745352833
63.75816993464052	0.202738012178485
63.77450980392157	0.20211250359162747
63.790849673202615	0.20160361914061922
63.80718954248366	0.20086196195465447
63.82352941176471	0.20030887015717855
63.83986928104575	0.19958146868118465
63.8562091503268	0.19897046092053977
63.872549019607845	0.19834011511781427
63.888888888888886	0.19775240168078045
63.90522875816993	0.19739530354324636
63.92156862745098	0.1968025700550199
63.93790849673203	0.1962884214941136
63.954248366013076	0.19590214056881117
63.970588235294116	0.19516117735759747
63.98692810457516	0.19453572854933718
64.00326797385621	0.19405310990788074
64.01960784313725	0.19363392212156594
64.0359477124183	0.1931579033815247
64.05228758169935	0.19244345423009301
64.06862745098039	0.19205049938095264
64.08496732026144	0.19127764136365494
64.10130718954248	0.19067778152853312
64.11764705882354	0.19000863958142025
64.13398692810458	0.18957178544714773
64.15032679738562	0.1889934772775317
64.16666666666667	0.18854199512131958
64.18300653594771	0.18818084624426695
64.19934640522877	0.18770020433118081
64.2156862745098	0.1871561283979048
64.23202614379085	0.18648587977862627
64.2483660130719	0.1860341526371593
64.26470588235294	0.18552621550853585
64.28104575163398	0.1847359540869332
64.29738562091504	0.1842317205008574
64.31372549019608	0.18382601555828848
64.33006535947712	0.18341220392184085
64.34640522875817	0.18296477584756968
64.36274509803921	0.18239724302430152
64.37908496732027	0.18200002880054644
64.39542483660131	0.18160246467598762
64.41176470588235	0.18124907036972468
64.4281045751634	0.180738578658154
64.44444444444444	0.1802315282866765
64.4607843137255	0.17965758326656728
64.47712418300654	0.17914851754315508
64.49346405228758	0.17860339986096374
64.50980392156863	0.1781549020973169
64.52614379084967	0.17764907854897372
64.54248366013073	0.17711415237085282
64.55882352941177	0.17669518618327876
64.57516339869281	0.17603258213126002
64.59150326797386	0.17564136653319537
64.6078431372549	0.1753601630497988
64.62418300653594	0.17493865740603043
64.640522875817	0.17470856871479848
64.65686274509804	0.17424866890218418
64.67320261437908	0.17363931535500823
64.68954248366013	0.1732331489880843
64.70588235294117	0.17291914767279168
64.72222222222223	0.17219146187520434
64.73856209150327	0.17179126545381376
64.75490196078431	0.1715233411248145
64.77124183006536	0.17131779665886296
64.7875816993464	0.17089663370175212
64.80392156862746	0.17051457243199417
64.8202614379085	0.17013356823488424
64.83660130718954	0.16989843193973655
64.8529411764706	0.16980055539476585
64.86928104575163	0.1696417350788837
64.88562091503267	0.16925752123756102
64.90196078431373	0.1689952514830713
64.91830065359477	0.16853721943833178
64.93464052287581	0.16818855911404054
64.95098039215686	0.16781652145623133
64.9673202614379	0.1672572744656799
64.98366013071896	0.1668206835422189
65.0	0.16650155163783031
65.01633986928104	0.16601296273776148
65.0326797385621	0.16532205714999645
65.04901960784314	0.16522016058801497
65.06535947712419	0.16480110329290198
65.08169934640523	0.16435062934551617
65.09803921568627	0.16378009275463407
65.11437908496733	0.16367439254928137
65.13071895424837	0.16349837627320063
65.14705882352942	0.16298492975757364
65.16339869281046	0.16251592784679214
65.1797385620915	0.16192600983900604
65.19607843137256	0.1613394258592797
65.2124183006536	0.16081217421517305
65.22875816993464	0.1605274981617618
65.24509803921569	0.16015662924832222
65.26143790849673	0.15982096948489619
65.27777777777777	0.15957511323526166
65.29411764705883	0.15927416475165304
65.31045751633987	0.15875918192651653
65.32679738562092	0.15821254244048735
65.34313725490196	0.15787836952988535
65.359477124183	0.15774378811502457
65.37581699346406	0.15736001638281544
65.3921568627451	0.1571242356447282
65.40849673202615	0.15669946039458835
65.42483660130719	0.15632354420457814
65.44117647058823	0.15562524231187114
65.45751633986929	0.1550667581404548
65.47385620915033	0.15496722593738776
65.49019607843137	0.15468075136784856
65.50653594771242	0.15433313144398575
65.52287581699346	0.1539528758405758
65.53921568627452	0.15367778582557032
65.55555555555556	0.1531714514815475
65.5718954248366	0.15299889973593653
65.58823529411765	0.15258394166633157
65.60457516339869	0.15213146568741487
65.62091503267973	0.151780328185327
65.63725490196079	0.15169372868491854
65.65359477124183	0.15150712640173403
65.66993464052288	0.1511361187086604
65.68627450980392	0.15075875026511185
65.70261437908496	0.1504871445289298
65.71895424836602	0.14996758690313644
65.73529411764706	0.14977512796364653
65.75163398692811	0.14960971796750527
65.76797385620915	0.14931195411206832
65.7843137254902	0.14902454402492352
65.80065359477125	0.14843672317339301
65.81699346405229	0.148110212135909
65.83333333333333	0.1477991914224163
65.84967320261438	0.1474987664691428
65.86601307189542	0.1473372631396571
65.88235294117646	0.14725819831879097
65.89869281045752	0.14691186071029225
65.91503267973856	0.14642391238334398
65.93137254901961	0.14613755848957583
65.94771241830065	0.14606318541708874
65.9640522875817	0.1455896697652735
65.98039215686275	0.14521128753971077
65.99673202614379	0.14505542197307103
66.01307189542484	0.14484606621016058
66.02941176470588	0.14453499113737076
66.04575163398692	0.1444783592457845
66.06209150326798	0.14420129095228307
66.07843137254902	0.14399426445226965
66.09477124183007	0.14382643687651234
66.11111111111111	0.14351248994151655
66.12745098039215	0.14349643576015858
66.1437908496732	0.14322343774925977
66.16013071895425	0.14291724345008022
66.17647058823529	0.1428105737112521
66.19281045751634	0.14241393343050085
66.20915032679738	0.14189918456870695
66.22549019607843	0.14176354882005854
66.24183006535948	0.14165537032779446
66.25816993464052	0.14140875643390363
66.27450980392157	0.1410413110801995
66.29084967320262	0.14103555079939925
66.30718954248366	0.14078068572920585
66.32352941176471	0.14044587812131654
66.33986928104575	0.14022735848076356
66.3562091503268	0.1400185074696033
66.37254901960785	0.13973156258862474
66.38888888888889	0.13956955193914997
66.40522875816994	0.1391823316295419
66.42156862745098	0.13907068695632802
66.43790849673204	0.13874623476735135
66.45424836601308	0.13844328970849157
66.47058823529412	0.13821732890767893
66.48692810457516	0.13789506110129401
66.50326797385621	0.13755216427365904
66.51960784313725	0.1374429785255673
66.5359477124183	0.1373138389289355
66.55228758169935	0.13700910235219807
66.56862745098039	0.13685038391756857
66.58496732026144	0.13667938178972877
66.60130718954248	0.13647305755062727
66.61764705882354	0.1361957012089362
66.63398692810458	0.13606079597139287
66.65032679738562	0.13585434226625923
66.66666666666667	0.13540671481406144
66.68300653594771	0.13505758548381275
66.69934640522877	0.13472851213588385
66.7156862745098	0.13440329364270853
66.73202614379085	0.13437427659430293
66.7483660130719	0.1339799799943448
66.76470588235294	0.13369229456620238
66.781045751634	0.13360199026945993
66.79738562091504	0.13335504177818427
66.81372549019608	0.13321377879724178
66.83006535947712	0.13310415184999985
66.84640522875817	0.1327581529967383
66.86274509803921	0.13256885040473698
66.87908496732027	0.13212107436775117
66.89542483660131	0.13177855273233122
66.91176470588235	0.13149344456085385
66.9281045751634	0.1309438825482962
66.94444444444444	0.13062267859164264
66.9607843137255	0.1302379936549886
66.97712418300654	0.1298738804642896
66.99346405228758	0.1299114701050358
67.00980392156863	0.12991709974944085
67.02614379084967	0.12959601935625698
67.04248366013073	0.12935571035436552
67.05882352941177	0.12889396750661014
67.07516339869281	0.1287613140895829
67.09150326797385	0.12880422454237725
67.1078431372549	0.12833538183542792
67.12418300653594	0.1280419504237806
67.140522875817	0.1279185380451914
67.15686274509804	0.1275833707412886
67.17320261437908	0.12732444043882932
67.18954248366013	0.12683203822591887
67.20588235294117	0.12664910558137263
67.22222222222223	0.12651949153138475
67.23856209150327	0.12629213588719881
67.25490196078431	0.1261549741748926
67.27124183006536	0.12606426206258148
67.2875816993464	0.12605796537800049
67.30392156862746	0.1261302925362386
67.3202614379085	0.12566989279902022
67.33660130718954	0.1253459752148084
67.3529411764706	0.12513241664160707
67.36928104575163	0.12482334546664747
67.38562091503269	0.12475511480038541
67.40196078431373	0.12435959374384399
67.41830065359477	0.12420645614462895
67.43464052287581	0.12397841985416416
67.45098039215686	0.12386743518286952
67.4673202614379	0.12356757196472146
67.48366013071896	0.12343782820933914
67.5	0.12336307718791359
67.51633986928104	0.12322633723501714
67.5326797385621	0.12320946042603477
67.54901960784314	0.12306885721805401
67.56535947712419	0.12294509608511044
67.58169934640523	0.12275635337269628
67.59803921568627	0.12251768918401923
67.61437908496733	0.12238378760756648
67.63071895424837	0.12189865104281042
67.64705882352942	0.12191721398640619
67.66339869281046	0.12145673466696078
67.6797385620915	0.12136072162422651
67.69607843137254	0.12129080925031507
67.7124183006536	0.12106286995201172
67.72875816993465	0.12102326988735358
67.74509803921569	0.1206462106343084
67.76143790849673	0.12039718821599055
67.77777777777777	0.12028701050056348
67.79411764705883	0.12006532242839063
67.81045751633987	0.11983491419119643
67.82679738562092	0.11960933535644523
67.84313725490196	0.11944545495353981
67.859477124183	0.11929689538141205
67.87581699346406	0.11915083627464838
