43.8	0.022003592348661033
43.82933220625528	0.021887474200681864
43.858664412510564	0.02178555282466625
43.88799661876585	0.021898204688243106
43.91732882502113	0.021887536166746827
43.94666103127641	0.022035004962648232
43.975993237531696	0.022249768828501257
44.00532544378698	0.02214877122353868
44.03465765004226	0.022035762837734077
44.063989856297546	0.02207472288234769
44.09332206255283	0.022057222697998553
44.12265426880811	0.02216710528869954
44.151986475063396	0.022286963740151627
44.18131868131868	0.02218468161911288
44.21065088757396	0.022113757194413303
44.239983093829245	0.02218147846406681
44.26931530008453	0.02220812024201763
44.29864750633981	0.022341528860917916
44.327979712595095	0.022479855313069487
44.35731191885038	0.022430308459000448
44.38664412510566	0.022280870198154515
44.415976331360945	0.02227562059216168
44.44530853761623	0.022490333301210606
44.47464074387151	0.022565262312698686
44.503972950126794	0.022563752795176792
44.53330515638208	0.022587572020024392
44.56263736263736	0.02244374428015146
44.591969568892644	0.022550138167352417
44.62130177514793	0.02280680554958516
44.65063398140321	0.022848182661895727
44.67996618765849	0.022904867276459358
44.70929839391378	0.02286499352298391
44.73863060016906	0.02278668506550001
44.76796280642434	0.02307562527453971
44.797295012679626	0.02317632606046404
44.82662721893491	0.023162536095786113
44.85595942519019	0.0232134056317245
44.885291631445476	0.02312752975570009
44.91462383770076	0.023180033543090246
44.94395604395604	0.023310661844597486
44.973288250211326	0.02339154582670642
45.00262045646661	0.023560997807654294
45.03195266272189	0.02337921415970123
45.061284868977175	0.02341018755794279
45.09061707523246	0.023669531282248225
45.11994928148774	0.023579711434627365
45.149281487743025	0.023657525858372448
45.17861369399831	0.02373868663984469
45.20794590025359	0.02366674377371661
45.237278106508874	0.02378053850973623
45.26661031276416	0.02385633648538139
45.29594251901944	0.02389804372576303
45.325274725274724	0.023888858443027718
45.35460693153001	0.02372946348397116
45.38393913778529	0.023907197360516625
45.413271344040574	0.023890251078579637
45.44260355029586	0.023876817007814497
45.47193575655114	0.023943776839226476
45.50126796280642	0.024016209338757463
45.53060016906171	0.024007064442779318
45.55993237531699	0.02399310333037524
45.58926458157227	0.023979731256143316
45.618596787827556	0.0240379983642449
45.64792899408284	0.02408781076117456
45.67726120033812	0.024101787302627773
45.706593406593406	0.024155567708117026
45.73592561284869	0.02424197023011402
45.76525781910397	0.024230136610028218
45.794590025359255	0.024342677995017742
45.82392223161454	0.0243793532168003
45.85325443786982	0.024328816640179256
45.882586644125105	0.024349594130330953
45.91191885038039	0.02442151096612621
45.94125105663567	0.024668940966562695
45.970583262890955	0.02451255753568716
45.99991546914624	0.024628497994169243
46.02924767540152	0.02467031702634502
46.058579881656804	0.024762407165553967
46.08791208791209	0.02485347539884559
46.11724429416737	0.024782752761503664
46.146576500422654	0.024965099863248637
46.17590870667794	0.02492398832389981
46.20524091293322	0.02512549884340562
46.234573119188504	0.02517307891288417
46.26390532544379	0.025146255090274454
46.29323753169907	0.025179081623882046
46.32256973795435	0.025223274270652647
46.35190194420964	0.025480726891341465
46.38123415046492	0.025318716824462014
46.4105663567202	0.02534327992119433
46.439898562975486	0.025469451361384787
46.46923076923077	0.025719906747070954
46.49856297548605	0.02584548317066815
46.527895181741336	0.02573492512484018
46.55722738799662	0.02582455535658128
46.5865595942519	0.025978884404221254
46.615891800507185	0.026192868080160386
46.64522400676247	0.026187687675700264
46.67455621301775	0.0262140481021215
46.703888419273035	0.02627639169773959
46.73322062552832	0.026423592564040373
46.7625528317836	0.026554042914172994
46.791885038038885	0.026582645221327302
46.82121724429417	0.026517240717371583
46.85054945054945	0.026663107736196016
46.879881656804734	0.02684906661862057
46.90921386306002	0.026864822452451528
46.938546069315294	0.026742704281910383
46.967878275570584	0.02699122267988189
46.99721048182586	0.027216414522578742
47.02654268808115	0.027252826782597595
47.05587489433643	0.027179633605886447
47.08520710059172	0.027183359557658146
47.11453930684699	0.027525361274346814
47.14387151310228	0.027523525619231878
47.17320371935756	0.027490454734165153
47.20253592561285	0.02736997023834274
47.231868131868126	0.02767204007833356
47.261200338123416	0.027625726895226344
47.29053254437869	0.02777427925281352
47.31986475063398	0.027644054948331397
47.34919695688926	0.027940138871020773
47.37852916314454	0.027981155907480675
47.407861369399825	0.02819600342888695
47.43719357565511	0.028077301351812255
47.46652578191039	0.028264011067516526
47.495857988165675	0.028365802424417216
47.52519019442096	0.02850222639970182
47.55452240067624	0.02840799539383272
47.583854606931524	0.028446010744803567
47.61318681318681	0.028554927127001372
47.64251901944209	0.02865104048804509
47.671851225697374	0.028735617841219675
47.70118343195266	0.028764901194507753
47.73051563820794	0.028835720967863236
47.75984784446322	0.02903437903643327
47.78918005071851	0.029195239584026304
47.81851225697379	0.029264933108674705
47.84784446322907	0.02929659397902009
47.877176669484356	0.029381593078762674
47.90650887573964	0.029530287432160796
47.93584108199492	0.029687256781530807
47.965173288250206	0.029636699151872403
47.99450549450549	0.02963445771366645
48.02383770076077	0.02981422723390466
48.053169907016056	0.030065658909390076
48.08250211327134	0.030075136463595782
48.11183431952662	0.03009081496666663
48.141166525781905	0.03022047863878625
48.17049873203719	0.030512725943928478
48.19983093829247	0.03055791506131872
48.229163144547755	0.030550152610204474
48.25849535080304	0.03065371966303353
48.28782755705832	0.030825731095735623
48.317159763313605	0.03099799974742083
48.34649196956889	0.030982653037805008
48.37582417582417	0.031160525997124364
48.405156382079454	0.031131180952174892
48.43448858833474	0.03136525396347234
48.46382079459002	0.0314343949857528
48.493153000845304	0.03173207858512024
48.52248520710059	0.03150604404130914
48.55181741335587	0.031767010664930526
48.58114961961115	0.031841627195601074
48.61048182586644	0.03221092238780577
48.63981403212172	0.031973047730204686
48.669146238377	0.03217382933911883
48.698478444632286	0.032388756033111935
48.72781065088757	0.03257080979913848
48.75714285714285	0.0322391302107408
48.786475063398136	0.032297655182235936
48.81580726965342	0.03272150052041875
48.8451394759087	0.03286476473646578
48.874471682163986	0.03279200897679806
48.90380388841927	0.0328478939494855
48.93313609467455	0.033103382865391655
48.962468300929835	0.033057040306812835
48.99180050718512	0.033093256035631353
49.0211327134404	0.03328904908003531
49.050464919695685	0.03349992548600937
49.07979712595097	0.03347932579284248
49.10912933220625	0.03359838125953196
49.138461538461534	0.033907219547567286
49.16779374471682	0.03403120066222591
49.1971259509721	0.03390074924011534
49.226458157227384	0.0342093865071754
49.25579036348267	0.034370360955908064
49.28512256973795	0.034395447481757435
49.314454775993234	0.034393457077781374
49.34378698224852	0.03492605594185124
49.3731191885038	0.03507134792696469
49.40245139475908	0.03493907007045007
49.43178360101437	0.035031978122135154
49.46111580726965	0.03509715095412811
49.49044801352493	0.035253356077697445
49.519780219780216	0.035230372338231154
49.5491124260355	0.03562359902570326
49.57844463229078	0.03562683748398713
49.607776838546066	0.035477676318665385
49.63710904480135	0.03556684070166741
49.66644125105663	0.035658052971014535
49.695773457311915	0.03585553706531945
49.7251056635672	0.03569254590749593
49.75443786982248	0.035960543532348226
49.783770076077765	0.03595817871317132
49.81310228233305	0.03584890269451164
49.84243448858833	0.036134933775329996
49.871766694843615	0.036187018240510654
49.9010989010989	0.03642972563392998
49.93043110735418	0.03635060016080294
49.959763313609464	0.03661891021346085
49.98909551986475	0.036807014620887396
50.01842772612003	0.03688427742472577
50.047759932375314	0.037179528382756455
50.0770921386306	0.03720481480550512
50.10642434488588	0.0372459787353883
50.135756551141164	0.03738370031011635
50.16508875739645	0.03761328196511445
50.19442096365173	0.03798624959622031
50.22375316990701	0.038163709395001855
50.253085376162296	0.038250563463519495
50.28241758241758	0.03832535467008274
50.31174978867286	0.03836977562636117
50.341081994928146	0.03848506981546771
50.37041420118343	0.038708463377595335
50.39974640743871	0.0388535674573481
50.429078613693996	0.038959218542668705
50.45841081994928	0.03909911185063066
50.48774302620456	0.039165404252260845
50.517075232459845	0.0394786859999097
50.54640743871513	0.039462024426746144
50.57573964497041	0.03958987317093093
50.605071851225695	0.03985457965603446
50.63440405748098	0.039840266979236615
50.66373626373626	0.04014740369062433
50.693068469991545	0.040402208563062314
50.72240067624683	0.04043857319832796
50.75173288250211	0.0406762528116135
50.781065088757394	0.04062277517963148
50.81039729501268	0.040783069755976835
50.83972950126796	0.04097066139919609
50.869061707523244	0.0411233668691022
50.89839391377853	0.041715004424050864
50.92772612003381	0.041814731643345045
50.95705832628909	0.04190980048435486
50.98639053254438	0.04238963244031961
51.01572273879966	0.04226706403075496
51.04505494505494	0.0424221691603537
51.074387151310226	0.04288925519815515
51.10371935756551	0.04285714951852191
51.13305156382079	0.04318349954954164
51.162383770076076	0.04355750645023315
51.19171597633136	0.0434894265968072
51.22104818258664	0.043584625415782965
51.250380388841926	0.043849599495261266
51.27971259509721	0.043970980882004275
51.30904480135249	0.04415073728417386
51.338377007607775	0.0445037393397238
51.36770921386306	0.04472219204194568
51.39704142011834	0.044862189956971776
51.426373626373625	0.04520444069961017
51.45570583262891	0.04539500587825604
51.48503803888419	0.04538573021628999
51.514370245139474	0.045768374681522735
51.54370245139476	0.04597283239045869
51.57303465765004	0.04596147763113334
51.602366863905324	0.046361843481454446
51.63169907016061	0.04658727801615799
51.66103127641589	0.04655389464575169
51.690363482671174	0.046885274617879454
51.71969568892646	0.046907673842394845
51.74902789518174	0.046913323472547674
51.77836010143702	0.04749452437298962
51.80769230769231	0.047734713709597545
51.83702451394759	0.04784906845430562
51.86635672020287	0.04831900996251587
51.895688926458156	0.0483721279349481
51.92502113271344	0.04832399313512052
51.95435333896872	0.04882639827596178
51.983685545224006	0.04889723095334935
52.01301775147929	0.04888897541150372
52.04234995773457	0.04936063704566523
52.071682163989855	0.04937343982962267
52.10101437024514	0.049318446036053676
52.13034657650042	0.049936590090600454
52.159678782755705	0.050191468148778895
52.18901098901099	0.05027014844223401
52.21834319526627	0.05074899940033018
52.247675401521555	0.050896795280385564
52.27700760777684	0.05081155702983241
52.30633981403212	0.05120899049766309
52.335672020287404	0.05142897847428573
52.36500422654269	0.051422243783313296
52.39433643279797	0.051836034508767656
52.423668639053254	0.052265601384080346
52.45300084530854	0.05248428966659286
52.48233305156382	0.05288597455842994
52.511665257819104	0.053251308251331855
52.54099746407439	0.053427581055768766
52.57032967032967	0.05361611740036539
52.59966187658495	0.053909321580337524
52.62899408284024	0.05428441908222692
52.65832628909552	0.054666377463370795
52.6876584953508	0.05499875905929754
52.716990701606086	0.05534919607378823
52.74632290786137	0.05568392351690465
52.77565511411665	0.055983453963282664
52.804987320371936	0.056214062424967674
52.83431952662722	0.056589250677090204
52.8636517328825	0.05707189036933405
52.892983939137785	0.05727833922995136
52.92231614539307	0.057623616774544764
52.95164835164835	0.05821744422207172
52.980980557903635	0.058380736799160914
53.01031276415891	0.05847448020432943
53.0396449704142	0.058977059034669314
53.06897717666948	0.05920976781624444
53.09830938292477	0.059339426081412704
53.127641589180044	0.05954539422960809
53.156973795435334	0.05994270803909085
53.18630600169061	0.06029396777715738
53.2156382079459	0.06027284822627812
53.24497041420118	0.060748974157913464
53.27430262045647	0.061553656578590604
53.30363482671174	0.06163862449817394
53.332967032967034	0.06186304003994577
53.36229923922231	0.06242012815006913
53.3916314454776	0.06267774990842051
53.420963651732876	0.06296030920601632
53.450295857988166	0.06322509702983571
53.47962806424344	0.0636411660852307
53.50896027049873	0.06425027116228232
53.53829247675401	0.06434368863448754
53.5676246830093	0.06474341708581798
53.596956889264575	0.06542954382199424
53.626289095519866	0.06557629815386705
53.65562130177514	0.06597243379806778
53.68495350803043	0.06641700358303101
53.71428571428571	0.06687048814923663
53.743617920541	0.06771586104573256
53.772950126796275	0.06816498965540864
53.802282333051565	0.06860210068865683
53.83161453930684	0.0691314725723949
53.86094674556213	0.06924568791125091
53.89027895181741	0.0697341837215727
53.9196111580727	0.07012085227050538
53.948943364327974	0.07036226801449554
53.978275570583264	0.0712113106954759
54.00760777683854	0.07183896140532912
54.03693998309383	0.07235301973562629
54.06627218934911	0.07282225505632355
54.0956043956044	0.07311358031736889
54.12493660185967	0.0738686907440125
54.15426880811496	0.07432328628414035
54.18360101437024	0.07451484077994085
54.21293322062553	0.07517175282910607
54.242265426880806	0.07590417318713562
54.271597633136096	0.07671756999913264
54.30092983939137	0.0770308697950585
54.33026204564666	0.07708525608886203
54.35959425190194	0.07779163596852108
54.38892645815723	0.07842678175970884
54.418258664412505	0.07891836324718814
54.447590870667796	0.0793661997595469
54.47692307692307	0.07978810668691318
54.50625528317836	0.08077483842755687
54.53558748943364	0.08150685948952993
54.56491969568893	0.08183431957002722
54.594251901944205	0.08224604720139979
54.623584108199495	0.08280055699556592
54.65291631445477	0.08366127647517256
54.682248520710054	0.08423101085551755
54.71158072696534	0.08463565673142107
54.74091293322062	0.08511089146217105
54.770245139475904	0.08568613723071358
54.79957734573119	0.08642014938651933
54.82890955198647	0.08695841801109402
54.85824175824175	0.08746060745204452
54.88757396449704	0.08823684836833048
54.91690617075232	0.08899355552118514
54.9462383770076	0.08979623849487428
54.975570583262886	0.09061247308324673
55.00490278951817	0.09138939915085824
55.03423499577345	0.09204336819743326
55.063567202028736	0.09272979445474779
55.09289940828402	0.09342292894336116
55.1222316145393	0.09427136029418337
55.151563820794586	0.095243287723171
55.18089602704987	0.09595610036999708
55.21022823330515	0.09662846249080054
55.239560439560435	0.09728553646969593
55.26889264581572	0.09819011549900286
55.298224852071	0.0993410112300026
55.327557058326285	0.10037949159705824
55.35688926458157	0.10130464298447263
55.38622147083685	0.1019317780229411
55.415553677092134	0.10276171466013216
55.44488588334742	0.10398213358160935
55.4742180896027	0.10508206508216483
55.503550295857984	0.10620142300601544
55.53288250211327	0.1067898717399789
55.56221470836855	0.10748856895836033
55.591546914623834	0.10847903437734102
55.62087912087912	0.10970615629967248
55.6502113271344	0.11115673047934399
55.67954353338968	0.11206120858647406
55.70887573964497	0.11294374299423082
55.73820794590025	0.11377278701499241
55.76754015215553	0.11492362551239788
55.796872358410816	0.11646708785004835
55.8262045646661	0.11772139587771543
55.85553677092138	0.11907451484035705
55.884868977176666	0.11997882059435071
55.91420118343195	0.12104368850965685
55.94353338968723	0.12229310289062569
55.972865595942515	0.12360042076797614
56.0021978021978	0.1252523598092769
56.03153000845308	0.12645603238437444
56.060862214708365	0.12796653885855633
56.09019442096365	0.12923374021041048
56.11952662721893	0.130651108762098
56.148858833474215	0.13224208384402925
56.1781910397295	0.1335908061667323
56.20752324598478	0.1353365365745391
56.236855452240064	0.13678049447093224
56.26618765849535	0.13856534787761568
56.29551986475063	0.14019119486059048
56.324852071005914	0.14176006058373108
56.3541842772612	0.1434472917643713
56.38351648351648	0.14484277230516468
56.412848689771764	0.14671332799174042
56.44218089602705	0.14841232846020336
56.47151310228233	0.1505938040549502
56.50084530853761	0.1526376849069245
56.530177514792896	0.15458231368489203
56.55950972104818	0.15640744814460875
56.58884192730346	0.15794732495443614
56.618174133558746	0.1598677828953861
56.64750633981403	0.1617146005747094
56.67683854606931	0.16416762032935026
56.706170752324596	0.16650479474329102
56.73550295857988	0.16893347266912248
56.76483516483516	0.17115382990157307
56.794167371090445	0.17303858077938764
56.82349957734573	0.17507054144488546
56.85283178360101	0.17695047649422874
56.882163989856295	0.17934235927399458
56.91149619611158	0.1817477586293054
56.94082840236686	0.18445923751306686
56.970160608622145	0.187119646659826
56.99949281487743	0.1897214919749731
57.02882502113271	0.1921588562616789
57.058157227387994	0.19439269224471692
57.08748943364328	0.19681580779034122
57.11682163989856	0.19916272584210312
57.146153846153844	0.20196866602894697
57.17548605240913	0.20473093118841937
57.20481825866441	0.20775423645066993
57.23415046491969	0.21069313343784066
57.26348267117498	0.21368167189707105
57.29281487743026	0.21665176697210944
57.32214708368554	0.21959675263578873
57.351479289940826	0.22261388034760832
57.38081149619611	0.22563284751800136
57.41014370245139	0.22888038890052012
57.439475908706676	0.23208063617654748
57.46880811496196	0.23551472182592792
57.49814032121724	0.23895861517808245
57.527472527472526	0.24254830517806503
57.55680473372781	0.24618156044167902
57.58613693998309	0.24999611826446647
57.615469146238375	0.25387387249716703
57.64480135249366	0.2580131135876463
57.67413355874894	0.2620279477736245
57.703465765004225	0.26612188221092026
57.73279797125951	0.270063868309915
57.76213017751479	0.2738574689731427
57.791462383770074	0.277714644314389
57.82079459002536	0.28147634166884106
57.85012679628064	0.28554858941631317
57.879459002535924	0.2896769662058624
57.90879120879121	0.29417321176264405
57.93812341504649	0.29862419873302076
57.967455621301774	0.30350240325125905
57.99678782755706	0.30805395553629616
58.02612003381234	0.3129921202674665
58.05545224006762	0.31741745918023845
58.08478444632291	0.3219503830836625
58.11411665257819	0.32619585019593406
58.14344885883347	0.3302904737118231
58.172781065088756	0.3343438306676828
58.20211327134404	0.3381162795072478
58.23144547759932	0.34219980457741755
58.260777683854606	0.3459593298973146
58.29010989010989	0.3501089933634638
58.31944209636517	0.3539465267873139
58.348774302620456	0.3582703902839028
58.37810650887574	0.36205561071375786
58.40743871513102	0.36620960645525424
58.436770921386305	0.3696785716419812
58.46610312764159	0.3732969317888283
58.49543533389687	0.3763830015343752
58.524767540152155	0.37963385231291497
58.55409974640744	0.3822002222184985
58.58343195266272	0.38484116186202727
58.612764158918004	0.38699827854509306
58.64209636517329	0.3891100746318875
58.67142857142857	0.3908886301842757
58.700760777683854	0.3923379528211528
58.73009298393914	0.39378618541742455
58.75942519019442	0.3945690333319578
58.788757396449704	0.39566945365763645
58.81808960270499	0.3956605206322071
58.84742180896027	0.3960997336379931
58.87675401521555	0.3955528208837047
58.90608622147084	0.39525732326310414
58.93541842772612	0.3939161819732734
58.9647506339814	0.39280213652599755
58.994082840236686	0.39075090574953053
59.02341504649197	0.3888720252181183
59.05274725274725	0.3862020728095583
59.082079459002536	0.3835096595499635
59.11141166525782	0.38004831551194396
59.1407438715131	0.3766619398384301
59.170076077768385	0.37262564748676363
59.19940828402367	0.36851824258378374
59.22874049027895	0.3638699585484621
59.258072696534235	0.359168390645679
59.28740490278952	0.35411262571629276
59.3167371090448	0.34877535984933666
59.346069315300085	0.34326473833905563
59.37540152155537	0.3373195924612534
59.40473372781065	0.3314707722691934
59.434065934065934	0.3250967844184941
59.46339814032122	0.31874889425756037
59.4927303465765	0.3119421488164154
59.522062552831784	0.3053333750549658
59.55139475908707	0.2982781498698655
59.58072696534235	0.2914271253937419
59.610059171597634	0.2842310571682222
59.63939137785292	0.27727505295508054
59.66872358410819	0.2700804064951776
59.69805579036348	0.26318153503522024
59.72738799661876	0.2562273529102742
59.75672020287405	0.24953342704628315
59.786052409129326	0.24285986136854876
59.815384615384616	0.2365713000035962
59.84471682163989	0.2303168207097853
59.87404902789518	0.22440823744091337
59.90338123415046	0.21870052649542837
59.93271344040575	0.21338889529789387
59.962045646661025	0.2082904107352045
59.991377852916315	0.20363625061216872
60.02071005917159	0.19914041602975835
60.05004226542688	0.19512748761657114
60.07937447168216	0.1912183650045104
60.10870667793745	0.18781322531905803
60.138038884192724	0.18449375592436826
60.167371090448015	0.18156164564782357
60.19670329670329	0.1786183939793494
60.22603550295858	0.17604900371295865
60.25536770921386	0.17341041079050065
60.28469991546915	0.1711422238123203
60.31403212172442	0.16870945236429605
60.343364327979714	0.1666953336521279
60.37269653423499	0.16442702857601746
60.40202874049028	0.16250776902241343
60.431360946745556	0.16027750813453975
60.46069315300085	0.15843293385057716
60.49002535925612	0.1562844005287081
60.51935756551141	0.15449286781591332
60.54868977176669	0.1524164481515603
60.57802197802198	0.15053747280064833
60.607354184277256	0.14850191985556033
60.636686390532546	0.1467885729731863
60.66601859678782	0.14484927807132753
60.69535080304311	0.14308555592827535
60.72468300929839	0.141250737440912
60.75401521555368	0.1396173587461099
60.783347421808955	0.13794740685858892
60.812679628064245	0.13627480882663104
60.84201183431952	0.1347509190506395
60.87134404057481	0.1331124192415863
60.90067624683009	0.13164283383412143
60.93000845308538	0.12998333945067037
60.959340659340654	0.12862309419585144
60.988672865595944	0.12697108831738554
61.01800507185122	0.1257857583564781
61.04733727810651	0.12432342283194114
61.07666948436179	0.12330402630640881
61.10600169061708	0.12206890977146027
61.13533389687235	0.1211483139723679
61.164666103127644	0.12005680199901099
61.19399830938292	0.11914242806113365
61.22333051563821	0.11801815581399341
61.252662721893486	0.11699496544037417
61.28199492814878	0.11581395460781793
61.31132713440405	0.11461021486999856
61.34065934065934	0.11339366856321181
61.36999154691462	0.11197931623667501
61.39932375316991	0.11080228614368005
61.428655959425186	0.10950550118010104
61.457988165680476	0.10849816857353405
61.48732037193575	0.10741192932158454
61.51665257819104	0.10660746171039762
61.54598478444632	0.1057269621909189
61.57531699070161	0.10501377977985356
61.604649196956885	0.10411287688499299
61.633981403212175	0.10329948311844188
61.66331360946745	0.10230578721070413
61.69264581572274	0.10129660321192174
61.72197802197802	0.10026451728593173
61.75131022823331	0.099246098553989
61.780642434488584	0.0983668185746673
61.809974640743874	0.09740293533471497
61.83930684699915	0.09658678780872088
61.86863905325444	0.09583327677716315
61.89797125950972	0.0950934761024538
61.92730346576501	0.09436707882276502
61.95663567202028	0.09376641088729067
61.985967878275574	0.09313547235495782
62.01530008453085	0.09252344991421523
62.04463229078614	0.09197507584812674
62.073964497041416	0.0914072606720798
62.10329670329671	0.0907148642714075
62.13262890955198	0.08994684465221138
62.161961115807266	0.08909989645735418
62.19129332206255	0.08827881481330471
62.22062552831783	0.08752728941862127
62.249957734573115	0.0868941580471098
62.2792899408284	0.08630856579314738
62.30862214708368	0.08584836138856644
62.337954353338965	0.08553017268891323
62.36728655959425	0.08499232247437345
62.39661876584953	0.08448991586428874
62.425950972104815	0.08379244148311556
62.4552831783601	0.08314715530221121
62.48461538461538	0.08247695049219596
62.513947590870664	0.08185056110760316
62.54327979712595	0.08141533694223962
62.57261200338123	0.0808728410671819
62.601944209636514	0.0804861787517997
62.6312764158918	0.07967914466096647
62.66060862214708	0.07907005652062342
62.689940828402364	0.07831377126608578
62.71927303465765	0.07782146633279009
62.74860524091293	0.07750002670569207
62.77793744716821	0.07720078791357907
62.807269653423496	0.07700274095009191
62.83660185967878	0.0764643553758703
62.86593406593406	0.076130186855288
62.895266272189346	0.07536483483888955
62.92459847844463	0.07478716370546032
62.95393068469991	0.0741899068407364
62.983262890955196	0.07374090593260245
63.01259509721048	0.07342958981038461
63.04192730346576	0.07283259834598836
63.071259509721045	0.07253988651709767
63.10059171597633	0.07194564165125836
63.12992392223161	0.07161532680932671
63.159256128486895	0.07122322243205909
63.18858833474218	0.07081904604749782
63.21792054099746	0.07058434402531275
63.247252747252745	0.07004176563937486
63.27658495350803	0.06980159214586142
63.30591715976331	0.06931006312118985
63.335249366018594	0.06898334621933958
63.36458157227388	0.06856601667878832
63.39391377852916	0.06794276349584004
63.423245984784444	0.06757088012471986
63.45257819103973	0.06701112941609201
63.48191039729501	0.06683926387968589
63.51124260355029	0.06642590232631879
63.54057480980558	0.06600921394976339
63.56990701606086	0.06559956369773244
63.59923922231614	0.06506781805559242
63.628571428571426	0.06495417193876214
63.65790363482671	0.0646906244860385
63.68723584108199	0.06455058551078963
63.716568047337276	0.06415545516655484
63.74590025359256	0.0635547778563113
63.77523245984784	0.06313733393126435
63.804564666103126	0.06268447207467619
63.83389687235841	0.06265696554642598
63.86322907861369	0.0625304330925442
63.892561284868975	0.062218521345887956
63.92189349112426	0.06192339067763381
63.95122569737954	0.061518059543145404
63.980557903634825	0.061410936811626175
64.00989010989011	0.06114311607663126
64.03922231614538	0.06077073830630726
64.06855452240067	0.06034431312268006
64.09788672865596	0.05996748857187688
64.12721893491124	0.059850583459738926
64.15655114116652	0.05962620366721059
64.18588334742181	0.059451278291050236
64.2152155536771	0.05909677139617146
64.24454775993237	0.05871739746555135
64.27387996618765	0.058445948196184226
64.30321217244294	0.058159568600012354
64.33254437869823	0.05792865676306533
64.3618765849535	0.057683953110858166
64.39120879120878	0.057473494572235
64.42054099746407	0.05714388271117933
64.44987320371936	0.05681886739931694
64.47920540997464	0.056504642531629165
64.50853761622992	0.056197201674635835
64.5378698224852	0.05605828088588128
64.5672020287405	0.055733865442807756
64.59653423499577	0.05545308194445214
64.62586644125105	0.05526167193046651
64.65519864750634	0.055117837567253636
64.68453085376163	0.05496204692881712
64.7138630600169	0.05451680619050903
64.74319526627218	0.05426424156374328
64.77252747252747	0.054075051154649174
64.80185967878276	0.05388358483007575
64.83119188503804	0.053716092178229355
64.86052409129331	0.0532220303005014
64.8898562975486	0.052970043677104735
64.9191885038039	0.05296060402926876
64.94852071005917	0.052765327231161424
64.97785291631445	0.052575106549663464
65.00718512256974	0.05216531458236915
65.03651732882503	0.051904832645932014
65.0658495350803	0.051835387804916346
65.09518174133558	0.05140392624249744
65.12451394759087	0.05100325976104185
65.15384615384616	0.0508043910263255
65.18317836010144	0.050710161970907414
65.21251056635671	0.05079485305623752
65.241842772612	0.050405451731033245
65.2711749788673	0.050193451169587844
65.30050718512257	0.05009412693746496
65.32983939137785	0.04963934758495277
65.35917159763314	0.04943203351747346
65.38850380388843	0.0491307684309436
65.4178360101437	0.0489428728224013
65.44716821639898	0.049045413952035946
65.47650042265427	0.048710700187232475
65.50583262890954	0.04856194117964655
65.53516483516484	0.04843367737288965
65.56449704142011	0.048095294829275326
65.5938292476754	0.04811567276772081
65.62316145393068	0.047953065737534044
65.65249366018597	0.047814348127847676
65.68182586644124	0.04787087455934392
65.71115807269653	0.047722602847321785
65.74049027895181	0.04765221809613379
65.7698224852071	0.04748639279186333
65.79915469146238	0.04711918897031157
65.82848689771767	0.047164964196695504
65.85781910397294	0.047021360183260225
65.88715131022823	0.046661397898924234
65.91648351648351	0.04675352514344115
65.9458157227388	0.04667905545923488
65.97514792899408	0.04653329526925165
66.00448013524937	0.046344583082162806
66.03381234150464	0.04607409642167128
66.06314454775993	0.046199046468846226
66.09247675401521	0.046084378559117914
66.1218089602705	0.045732511919028065
66.15114116652578	0.04584733420779198
66.18047337278107	0.045719076872650616
66.20980557903634	0.04525140210041941
66.23913778529163	0.045100935507044436
66.26846999154691	0.04496783068085524
66.2978021978022	0.04481540812790345
66.32713440405747	0.044691139849419616
66.35646661031276	0.044581882722052456
66.38579881656804	0.04449059725952467
66.41513102282333	0.044165427679597184
66.44446322907861	0.04390769503018494
66.4737954353339	0.04392035885029022
66.50312764158917	0.04362714968092976
66.53245984784446	0.04338956829489894
66.56179205409974	0.04337521548971405
66.59112426035503	0.043335532608356986
66.6204564666103	0.04315117822301687
66.6497886728656	0.042947082126639675
66.67912087912087	0.04263890667830126
66.70845308537616	0.04246856628998012
66.73778529163144	0.042292233337845396
66.76711749788673	0.04209001993174094
66.796449704142	0.04204277823438229
66.8257819103973	0.04195443599165357
66.85511411665257	0.04183535345385342
66.88444632290786	0.04172081064364242
66.91377852916314	0.041619197228344236
66.94311073541843	0.04142714024114025
66.9724429416737	0.041137808537956976
67.001775147929	0.04112918550095123
67.03110735418427	0.041102081816710274
67.06043956043956	0.04087801827719714
67.08977176669484	0.04087224058891745
67.11910397295013	0.04076533376074025
67.1484361792054	0.040409529694462425
67.1777683854607	0.04026117034856864
67.20710059171597	0.04028838339197355
67.23643279797126	0.03995790862051191
67.26576500422654	0.03992204415199029
67.29509721048183	0.04000803246821551
67.3244294167371	0.03956983883606417
67.3537616229924	0.03943679789544171
67.38309382924767	0.039519521435647915
67.41242603550296	0.03918949295935163
67.44175824175824	0.039057682976034666
67.47109044801353	0.03905895340163097
67.5004226542688	0.038580648756587475
67.5297548605241	0.038442462740265686
67.55908706677937	0.03862872068332574
67.58841927303466	0.0383833171148584
67.61775147928994	0.03828576950756717
67.64708368554523	0.038320957970079436
67.6764158918005	0.0379414718614634
67.70574809805579	0.03782585054172389
67.73508030431107	0.03793390608011746
67.76441251056636	0.037787094168640886
67.79374471682164	0.037695142452560906
67.82307692307693	0.03774381920495787
67.8524091293322	0.03748364393561855
67.88174133558749	0.03727141730584552
67.91107354184277	0.037374733177991254
67.94040574809806	0.037324653476753164
67.96973795435333	0.0371632715039311
67.99907016060862	0.03721718370365515
68.0284023668639	0.03709763033916872
68.05773457311919	0.03685306671681155
68.08706677937447	0.03703914736915332
68.11639898562976	0.037023660835978064
68.14573119188503	0.03679181317816874
68.17506339814032	0.03686455280193933
68.2043956043956	0.036715765490091784
68.23372781065089	0.03645750314693573
68.26306001690617	0.036636789824770415
68.29239222316146	0.03649574610101861
68.32172442941673	0.03626887637400108
68.35105663567202	0.03618656309568667
68.3803888419273	0.03607974485585086
68.40972104818259	0.03600782850138396
68.43905325443787	0.03595070376263908
68.46838546069316	0.03586057221941401
68.49771766694843	0.03590105350046163
68.52704987320372	0.03567090784786735
68.556382079459	0.03565763571911373
68.58571428571429	0.035568286819837425
68.61504649196957	0.03531487350824128
68.64437869822486	0.03541201571245677
68.67371090448013	0.035287027689539355
68.70304311073542	0.03508026521099969
68.7323753169907	0.03509324467988819
68.76170752324599	0.034949892681737836
68.79103972950126	0.03492535315566217
68.82037193575655	0.0348272711574788
68.84970414201183	0.03472650900855283
68.8790363482671	0.03476492083946636
68.9083685545224	0.03464745861890314
68.93770076077769	0.034636288660261506
68.96703296703296	0.03452178319059109
68.99636517328824	0.03449297999918736
69.02569737954353	0.03443083312371064
69.05502958579882	0.03432499438745418
69.0843617920541	0.03418337952437798
69.11369399830937	0.034065312140798824
69.14302620456466	0.03406781499048276
69.17235841081995	0.03400486787486331
69.20169061707523	0.03396616106718162
69.2310228233305	0.03385879314598619
69.2603550295858	0.033784586021120375
69.28968723584109	0.03375668040749361
69.31901944209636	0.03359105952282828
69.34835164835164	0.03364269435919787
69.37768385460693	0.033535276151108885
69.40701606086222	0.03358454547923644
69.4363482671175	0.033494622814563516
69.46568047337277	0.03333625345720236
69.49501267962806	0.03349556574517999
69.52434488588335	0.03326592222229539
69.55367709213863	0.03326706151095722
69.5830092983939	0.03312447466688176
69.6123415046492	0.03311026368841785
69.64167371090448	0.0331656736942225
69.67100591715976	0.03301032130666598
69.70033812341504	0.033026761050575656
69.72967032967033	0.03275011227418813
69.75900253592562	0.03283701145910541
69.7883347421809	0.03281850430865137
69.81766694843617	0.0326543453644922
69.84699915469146	0.032534511580269404
69.87633136094675	0.03246860239811003
69.90566356720203	0.03262649968318868
69.9349957734573	0.032342257411931585
69.96432797971259	0.03230954612589215
69.99366018596788	0.03226036762104986
70.02299239222316	0.03219927428568024
70.05232459847844	0.03205198344671637
70.08165680473373	0.03202778698604966
70.11098901098902	0.03204777483824994
70.14032121724429	0.03186592886418448
70.16965342349957	0.031756854862972854
70.19898562975486	0.031827313907611496
70.22831783601015	0.03176861492935379
70.25765004226542	0.0315813873082052
70.2869822485207	0.031551983409491335
70.31631445477599	0.03162771681803158
70.34564666103128	0.03146167147056346
70.37497886728656	0.03128715091814076
70.40431107354183	0.031363635637021825
70.43364327979712	0.031332436506581594
70.46297548605241	0.03125115582822465
70.49230769230769	0.030963015402222547
70.52163989856297	0.03103320193735181
70.55097210481826	0.03089054856935322
70.58030431107355	0.030795627589918547
70.60963651732882	0.030562764134167687
70.6389687235841	0.03064862696016037
70.66830092983939	0.03049768979493812
70.69763313609468	0.030400369850505194
70.72696534234996	0.030405867289235968
70.75629754860523	0.030414085561766207
70.78562975486052	0.030288181604304056
70.81496196111581	0.030065366306338655
70.84429416737109	0.030195662133429717
70.87362637362637	0.030139244658927387
70.90295857988166	0.030027804771182845
70.93229078613695	0.029835761860660667
70.96162299239222	0.029994644697201735
70.9909551986475	0.029855517151396036
71.02028740490279	0.02980371266511318
71.04961961115808	0.02959948889697422
71.07895181741335	0.029683578849878253
71.10828402366863	0.02956751149029236
71.13761622992392	0.029564784299325533
71.16694843617921	0.02948193526260937
71.19628064243449	0.029548681743130304
71.22561284868976	0.029371391901711973
71.25494505494505	0.02927659942743907
71.28427726120034	0.029206786819263714
71.31360946745562	0.029119573276907246
71.3429416737109	0.02897982921172517
71.37227387996619	0.028957766685613496
71.40160608622148	0.028984502755423084
71.43093829247675	0.028851622164132142
71.46027049873203	0.028749793668215094
71.48960270498732	0.02879960175615653
71.51893491124261	0.02881136321452384
71.54826711749789	0.028569271480264443
71.57759932375316	0.028443956214142235
71.60693153000845	0.02841838226692389
71.63626373626374	0.028488848083965266
71.66559594251902	0.028315023471883555
71.6949281487743	0.028326966210501934
71.72426035502959	0.028193386651538848
71.75359256128488	0.02818685359489549
71.78292476754015	0.027959289060602657
71.81225697379543	0.027959289074141663
71.84158918005072	0.027923676755122768
71.87092138630601	0.02792011028247619
71.90025359256128	0.02779726483862272
71.92958579881656	0.027889244560740125
71.95891800507185	0.027733431883412693
71.98825021132714	0.027664095437230488
72.01758241758242	0.02756708156787165
72.0469146238377	0.0275383141151859
72.07624683009298	0.027339275278361507
72.10557903634827	0.027289310472656293
72.13491124260355	0.027408919260303474
72.16424344885883	0.027326319070354942
72.19357565511412	0.027206376210778125
72.22290786136939	0.027087788383002152
72.25224006762468	0.02727695464185641
72.28157227387996	0.027063449749196004
72.31090448013525	0.026928485780311193
72.34023668639053	0.026872121435975022
72.36956889264582	0.027016715193654908
72.39890109890109	0.026934846771985415
72.42823330515638	0.026741970004333752
72.45756551141166	0.026713529863486594
72.48689771766695	0.026695855579889884
72.51622992392222	0.02662631617347792
72.54556213017752	0.026479586308024956
72.57489433643279	0.02639155253897126
72.60422654268808	0.02646110368991334
72.63355874894336	0.026450322674859087
72.66289095519865	0.026355786062267808
72.69222316145392	0.026195932871175245
72.72155536770921	0.0261760395255357
72.75088757396449	0.026226925583338313
72.78021978021978	0.026241752748186627
72.80955198647506	0.02615033518967583
72.83888419273035	0.02590086364743081
72.86821639898562	0.02602040968195456
72.89754860524091	0.026062544040192745
72.92688081149619	0.026027521276431258
72.95621301775148	0.02586497226236137
72.98554522400676	0.025804847194662063
73.01487743026205	0.025953418949311198
73.04420963651732	0.025914436721057303
73.07354184277261	0.025924170369274142
73.10287404902789	0.02571189826006544
73.13220625528318	0.025795733147511622
73.16153846153846	0.025751892255318876
73.19087066779375	0.025658096287764734
73.22020287404902	0.025630464419543534
73.24953508030431	0.025536151949929423
73.27886728655959	0.02559555987043496
73.30819949281488	0.025502506934260337
73.33753169907015	0.025442185786534507
73.36686390532545	0.025295248214144306
73.39619611158072	0.025314546386146653
73.42552831783601	0.025340542314285532
73.45486052409129	0.025241197335766137
73.48419273034658	0.02521375268402398
73.51352493660185	0.02515351933131316
73.54285714285714	0.025041991617603565
73.57218934911242	0.02507903830604857
73.60152155536771	0.024938812182571064
73.63085376162299	0.024893471269692317
73.66018596787828	0.0248704093842808
73.68951817413355	0.024837129427096562
73.71885038038884	0.024800426280480327
73.74818258664412	0.024803859454017033
73.77751479289941	0.024771860817586946
73.80684699915469	0.024768400419063977
73.83617920540998	0.024764338491506267
73.86551141166525	0.024711175544195503
73.89484361792054	0.02466947607550981
73.92417582417582	0.024662041519424433
73.95350803043111	0.024696205865701645
73.98284023668639	0.024622338476541515
74.01217244294168	0.024547582654501663
74.04150464919695	0.02459764223263982
74.07083685545224	0.024553779687354966
74.10016906170752	0.024539995862650734
74.12950126796281	0.024622361092632414
74.15883347421808	0.024472565883732963
74.18816568047338	0.02454272098122423
74.21749788672865	0.02449798658528342
74.24683009298394	0.02444839634710435
74.27616229923922	0.02454139745346587
74.30549450549451	0.02438143004982268
74.33482671174978	0.024311458929005447
74.36415891800507	0.024300318144134764
74.39349112426035	0.024242020964274677
74.42282333051564	0.024330156081401235
74.45215553677092	0.024300991071603602
74.48148774302621	0.02423077372137882
74.51081994928148	0.02419593823471822
74.54015215553677	0.0241261490607578
74.56948436179205	0.02417713696558907
74.59881656804734	0.024235604212390103
74.62814877430262	0.024073609622424337
74.6574809805579	0.024013911887395357
74.68681318681318	0.02406507725196699
74.71614539306847	0.02406998817057045
74.74547759932375	0.02414207475742917
74.77480980557904	0.024014611995781754
74.80414201183432	0.02390690921715077
74.8334742180896	0.02383273917057307
74.86280642434488	0.023848288707741257
74.89213863060017	0.023905550607103445
74.92147083685545	0.023940752095839492
74.95080304311074	0.02388721044949047
74.98013524936601	0.023720654639003094
75.0094674556213	0.02366743004402069
75.03879966187658	0.023679554540093996
75.06813186813187	0.023714506627361034
75.09746407438715	0.02368602153686363
75.12679628064244	0.023676734810508592
75.15612848689771	0.023560280305331863
75.185460693153	0.023495107705597377
75.21479289940828	0.023543146638733237
75.24412510566357	0.023558298617810808
75.27345731191885	0.023428386818823203
