50.0	0.1281840824744509
50.016447368421055	0.14250581005018462
50.0328947368421	0.15570997227472635
50.04934210526316	0.1679875405099039
50.06578947368421	0.17945139925169196
50.08223684210526	0.18999441870352804
50.098684210526315	0.2001039813324922
50.11513157894737	0.20987638879053658
50.13157894736842	0.21914627372453596
50.14802631578947	0.2281674813785055
50.16447368421053	0.2367718090621595
50.18092105263158	0.24510063813987865
50.19736842105263	0.2530372250867607
50.213815789473685	0.2606643067010142
50.23026315789474	0.2677874691548419
50.24671052631579	0.27422106665889656
50.26315789473684	0.2800126848044009
50.2796052631579	0.2847978546880822
50.296052631578945	0.2879133417105963
50.3125	0.2885795342496531
50.328947368421055	0.2889890794984005
50.3453947368421	0.2898215386897253
50.36184210526316	0.2903087424692733
50.37828947368421	0.29090902138796176
50.39473684210526	0.29155716976492346
50.411184210526315	0.29244241601947857
50.42763157894737	0.2933855555841831
50.44407894736842	0.29404456053962347
50.46052631578947	0.29484540208550647
50.47697368421053	0.2955878854782104
50.49342105263158	0.2961525266972618
50.50986842105263	0.29697517182546146
50.526315789473685	0.2975994888352185
50.54276315789474	0.2981701516443156
50.55921052631579	0.298773352854293
50.57565789473684	0.2993190880336413
50.5921052631579	0.2999336329525367
50.608552631578945	0.300519329455338
50.625	0.3012859769171304
50.641447368421055	0.30210448487186686
50.6578947368421	0.3029902994938766
50.67434210526316	0.3036399120117821
50.69078947368421	0.3046879623600439
50.70723684210526	0.3050860476258252
50.723684210526315	0.3055790714567958
50.74013157894737	0.3061107032665142
50.75657894736842	0.30658920747171264
50.77302631578947	0.30731159318759277
50.78947368421053	0.3077775987371864
50.80592105263158	0.3081374933255294
50.82236842105263	0.3088014087899641
50.838815789473685	0.3091552347790401
50.85526315789474	0.3099257550894097
50.87171052631579	0.31095143581082213
50.88815789473684	0.31179345894932226
50.9046052631579	0.3127289190300335
50.921052631578945	0.31325540400356616
50.9375	0.3138587554292515
50.953947368421055	0.3145510142366342
50.9703947368421	0.3153627146059806
50.98684210526316	0.31603208425746937
51.00328947368421	0.316286725603779
51.01973684210526	0.31661561741796124
51.036184210526315	0.3176030241981055
51.05263157894737	0.31859939680557275
51.06907894736842	0.31960063715146
51.08552631578947	0.3203222433799302
51.10197368421053	0.32098557129726474
51.11842105263158	0.3218922888086818
51.13486842105263	0.32272759171389453
51.151315789473685	0.323666489117231
51.16776315789474	0.32441382423090703
51.18421052631579	0.32504859344727893
51.20065789473684	0.32572865626490366
51.2171052631579	0.3266740615487179
51.233552631578945	0.32731119602929193
51.25	0.3282877845658652
51.266447368421055	0.3291238279763662
51.2828947368421	0.32994298517916126
51.29934210526316	0.3305526756626921
51.31578947368421	0.3312873240207102
51.33223684210526	0.3327214998218204
51.348684210526315	0.3339266344869732
51.36513157894737	0.3346548566309873
51.38157894736842	0.33523126030278816
51.39802631578947	0.335911608923051
51.41447368421053	0.3368939076229864
51.430921052631575	0.3374975011531853
51.44736842105263	0.33824646302247197
51.463815789473685	0.33964332081148185
51.48026315789474	0.34068911969503846
51.49671052631579	0.34153932302752216
51.51315789473684	0.3424771741813835
51.5296052631579	0.34310140222663754
51.546052631578945	0.34365366351735877
51.5625	0.34469841004310003
51.578947368421055	0.3461494301470558
51.5953947368421	0.3471114761319336
51.61184210526316	0.3477446076001269
51.62828947368421	0.34886565097034966
51.64473684210526	0.34968352251876716
51.661184210526315	0.35023144035403764
51.67763157894737	0.35116611029150663
51.69407894736842	0.35229970618631834
51.71052631578947	0.3530872396964682
51.72697368421053	0.35406620274325623
51.743421052631575	0.35483159276034376
51.75986842105263	0.35580300060929554
51.776315789473685	0.357210203708153
51.79276315789474	0.35752309154140033
51.80921052631579	0.358066314023863
51.82565789473684	0.3591647515510229
51.8421052631579	0.3598374968410519
51.858552631578945	0.36089203513478696
51.875	0.3623356767091507
51.891447368421055	0.3629518871149871
51.9078947368421	0.3636649823200895
51.92434210526316	0.36448662450992597
51.94078947368421	0.3654277616465708
51.95723684210526	0.36663437423440454
51.973684210526315	0.367561804634118
51.99013157894737	0.36840180946096607
52.00657894736842	0.36930122614206046
52.02302631578947	0.3701723134992788
52.03947368421053	0.3717383283596838
52.055921052631575	0.37227486303319157
52.07236842105263	0.37320222023640304
52.088815789473685	0.374343355419407
52.10526315789474	0.3746011651546953
52.12171052631579	0.3759472978950504
52.13815789473684	0.3768158765770585
52.1546052631579	0.3777454637338322
52.171052631578945	0.379056097739396
52.1875	0.37987954540977087
52.203947368421055	0.3809209156597389
52.2203947368421	0.3817110893929375
52.23684210526316	0.3826405621600891
52.25328947368421	0.38355855130031824
52.26973684210526	0.38500872854104196
52.286184210526315	0.3854048686849834
52.30263157894737	0.3866289386610637
52.31907894736842	0.387991485037346
52.33552631578947	0.3889248084371912
52.35197368421053	0.3902853660035594
52.368421052631575	0.390511124375939
52.38486842105263	0.39211426059876964
52.401315789473685	0.39315030774405746
52.41776315789474	0.39460171522586746
52.43421052631579	0.39548533167519756
52.45065789473684	0.39653266389490294
52.4671052631579	0.3978371465794658
52.483552631578945	0.39924030078932826
52.5	0.40006911549781726
52.516447368421055	0.40141964562931814
52.5328947368421	0.4020459781579582
52.54934210526316	0.4039403165374201
52.56578947368421	0.40451446191765617
52.58223684210526	0.40591034478936344
52.598684210526315	0.4065320788235415
52.61513157894737	0.4084406529806211
52.63157894736842	0.4092368496009453
52.64802631578947	0.4105572848275126
52.66447368421053	0.4113052669451048
52.680921052631575	0.41269976606402464
52.69736842105263	0.41356576722724275
52.713815789473685	0.41472743536394824
52.73026315789474	0.41591755227765664
52.74671052631579	0.4168538378829184
52.76315789473684	0.4185927314206244
52.7796052631579	0.4196327579176586
52.796052631578945	0.4213861694499734
52.8125	0.4221240808435443
52.828947368421055	0.4238323533606906
52.8453947368421	0.4245826590402636
52.86184210526316	0.42640736571720966
52.87828947368421	0.4271010327788024
52.89473684210526	0.42878224035561907
52.911184210526315	0.43015863543766725
52.92763157894737	0.4313878862165541
52.94407894736842	0.43239216886365706
52.96052631578947	0.43392198707695423
52.97697368421053	0.4351424256799253
52.993421052631575	0.4364488103626087
53.00986842105263	0.4372868348664516
53.026315789473685	0.4396553187373042
53.04276315789474	0.44049313896152215
53.05921052631579	0.44238491325692997
53.07565789473684	0.4437196213330975
53.0921052631579	0.44469686789476426
53.108552631578945	0.44638775877842235
53.125	0.4471053717236436
53.141447368421055	0.448825822966986
53.1578947368421	0.45013235480618224
53.17434210526316	0.45188826569111806
53.19078947368421	0.4530844646680467
53.20723684210526	0.4544995078367831
53.223684210526315	0.45593570731558414
53.24013157894737	0.4573420603338511
53.25657894736842	0.4587699263981669
53.27302631578947	0.46010128628561914
53.28947368421053	0.46199241436136534
53.305921052631575	0.4630035422381311
53.32236842105263	0.4651189904541517
53.338815789473685	0.46688453882790676
53.35526315789474	0.4675684910873566
53.37171052631579	0.4696465571345018
53.38815789473684	0.47097390173795967
53.4046052631579	0.472197354772126
53.421052631578945	0.47424889589873215
53.4375	0.47587476172993254
53.453947368421055	0.4773265680310401
53.4703947368421	0.4789013613269464
53.48684210526316	0.48055759719845126
53.50328947368421	0.48191679550480404
53.51973684210526	0.48329880085157884
53.536184210526315	0.48538396847058807
53.55263157894737	0.48689806628236726
53.56907894736842	0.4883525023761373
53.58552631578947	0.4902247058295325
53.60197368421053	0.4921615778555581
53.618421052631575	0.49324146124844065
53.63486842105263	0.49483388714267146
53.651315789473685	0.4966142250311558
53.66776315789474	0.4981125871564251
53.68421052631579	0.49978190823081337
53.70065789473684	0.501476134113833
53.7171052631579	0.5031598759956222
53.733552631578945	0.5050521306482919
53.75	0.506370884079112
53.766447368421055	0.5076622355760273
53.7828947368421	0.510096369269363
53.79934210526316	0.5119166001526061
53.81578947368421	0.5132890334478488
53.83223684210526	0.5154002721817569
53.848684210526315	0.5174819032307075
53.86513157894737	0.5192237050994203
53.88157894736842	0.5210062952558654
53.89802631578947	0.5225594501593608
53.91447368421053	0.5248484939429648
53.930921052631575	0.5265800649427187
53.94736842105263	0.5284699110084334
53.963815789473685	0.5308363950948564
53.98026315789474	0.5319743228433969
53.99671052631579	0.5344215309399317
54.01315789473684	0.5369362796034338
54.0296052631579	0.5386206939122588
54.046052631578945	0.5403818231455855
54.0625	0.5420855599711627
54.078947368421055	0.5447922947103091
54.0953947368421	0.5470303982849468
54.11184210526316	0.5486870730454606
54.12828947368421	0.5506301393862203
54.14473684210526	0.5522854708276309
54.161184210526315	0.5549604317447656
54.17763157894737	0.5569561986043122
54.194078947368425	0.5590475682911792
54.21052631578947	0.5612967746980416
54.22697368421053	0.5631552915575533
54.243421052631575	0.5653838551722301
54.25986842105263	0.5671445515890989
54.276315789473685	0.5700180644975809
54.29276315789474	0.5722433295327308
54.30921052631579	0.5747433972428114
54.32565789473684	0.5768505983255847
54.3421052631579	0.5781771187512644
54.358552631578945	0.5810202552203311
54.375	0.5828028864970882
54.391447368421055	0.5857739259156306
54.4078947368421	0.5875605646282466
54.42434210526316	0.5896478635140883
54.44078947368421	0.5925484139024331
54.45723684210526	0.5941666056726741
54.473684210526315	0.5977303512718669
54.49013157894737	0.5986928176956194
54.506578947368425	0.6013466057140284
54.52302631578947	0.6033523652213997
54.53947368421053	0.6059163894067184
54.555921052631575	0.6092338309982434
54.57236842105263	0.6110917003068367
54.588815789473685	0.6145555622852088
54.60526315789474	0.616008621569873
54.62171052631579	0.6190190255676096
54.63815789473684	0.6213142217143142
54.6546052631579	0.6235835447444836
54.671052631578945	0.626526027425664
54.6875	0.6287948054072569
54.703947368421055	0.63195407517155
54.7203947368421	0.6342081887589721
54.73684210526316	0.6369941553792003
54.75328947368421	0.640073306804093
54.76973684210526	0.6424482901459965
54.786184210526315	0.6456469025824696
54.80263157894737	0.6482599006255783
54.81907894736842	0.6517640499482694
54.83552631578947	0.6547507504177115
54.85197368421053	0.6577391380135211
54.868421052631575	0.660758039604002
54.88486842105263	0.6631639228560138
54.901315789473685	0.6666607657662641
54.91776315789474	0.6688176992606618
54.93421052631579	0.6724060096409813
54.95065789473684	0.6747268060741017
54.9671052631579	0.6784016724479477
54.983552631578945	0.681219619683372
55.0	0.6849960431220301
55.016447368421055	0.6880887299778442
55.0328947368421	0.6915213930937517
55.04934210526316	0.6946518631056435
55.06578947368421	0.6981954001341946
55.08223684210526	0.7011705722948716
55.098684210526315	0.7043769570407338
55.11513157894737	0.7076409582307605
55.13157894736842	0.7107988572257745
55.14802631578947	0.7140859846296719
55.16447368421053	0.717339176793017
55.180921052631575	0.7206309397534622
55.19736842105263	0.7241029508838792
55.213815789473685	0.7276705373151426
55.23026315789474	0.7309810312060683
55.24671052631579	0.734666184877489
55.26315789473684	0.7383997091916328
55.2796052631579	0.7422428139706778
55.296052631578945	0.7458550204714112
55.3125	0.7497038685488905
55.328947368421055	0.7533915966644034
55.3453947368421	0.757201118119454
55.36184210526316	0.7611138845615102
55.37828947368421	0.7653535833141389
55.39473684210526	0.7688798783949815
55.411184210526315	0.7729487671485928
55.42763157894737	0.7768081037956993
55.44407894736842	0.7810083710381084
55.46052631578947	0.7846596135703925
55.47697368421053	0.7890362040010807
55.493421052631575	0.7930823291462562
55.50986842105263	0.7979231447356387
55.526315789473685	0.801969378380872
55.54276315789474	0.8068406907078165
55.55921052631579	0.8109937191321188
55.57565789473684	0.8152588357046381
55.5921052631579	0.8192196656521086
55.608552631578945	0.8233493160416159
55.625	0.8277619251125142
55.641447368421055	0.8323843370881094
55.6578947368421	0.8370683949745448
55.67434210526316	0.8417438703411253
55.69078947368421	0.8462407518392643
55.70723684210526	0.8506308400979633
55.723684210526315	0.8552778225415778
55.74013157894737	0.8599553308068453
55.75657894736842	0.8646552276481746
55.77302631578947	0.8700265727435904
55.78947368421053	0.8755037756323047
55.805921052631575	0.8804055817574337
55.82236842105263	0.8853129299580714
55.838815789473685	0.8897276127962043
55.85526315789474	0.8952072796785544
55.87171052631579	0.9003479982720346
55.88815789473684	0.906163829558301
55.9046052631579	0.9115301665284529
55.921052631578945	0.9167825211178726
55.9375	0.9223585494514279
55.953947368421055	0.928101567413185
55.9703947368421	0.9344453215894221
55.98684210526316	0.939791985593631
56.00328947368421	0.9450118471048278
56.01973684210526	0.9507537898046197
56.036184210526315	0.9567974950317562
56.05263157894737	0.9637900197579734
56.06907894736842	0.9696004342487684
56.08552631578947	0.9755734443273832
56.10197368421053	0.981710217027621
56.118421052631575	0.9881563517262922
56.13486842105263	0.9948148567159018
56.151315789473685	1.0007102278314157
56.16776315789474	1.007083536987893
56.18421052631579	1.01391426084755
56.20065789473684	1.020686199801891
56.2171052631579	1.0267837740000727
56.233552631578945	1.0335515609787167
56.25	1.0411940462224456
56.266447368421055	1.0488280907459364
56.2828947368421	1.0553699003611818
56.29934210526316	1.0613872848965502
56.31578947368421	1.069547795904552
56.33223684210526	1.07722166309244
56.348684210526315	1.084207922938675
56.36513157894737	1.0918081865807259
56.38157894736842	1.099381986503612
56.39802631578947	1.1071768473029395
56.41447368421053	1.1146261766278376
56.430921052631575	1.1224280246903897
56.44736842105263	1.130573623138061
56.463815789473685	1.1379420853672064
56.48026315789474	1.1463631638140086
56.49671052631579	1.156041397726059
56.51315789473684	1.1631739656395834
56.5296052631579	1.1709196751567679
56.546052631578945	1.1812230256441623
56.5625	1.1896180639498046
56.578947368421055	1.1971638235278976
56.5953947368421	1.2065913645093647
56.61184210526316	1.215669356568079
56.62828947368421	1.2242868942885172
56.64473684210526	1.2337636889224108
56.661184210526315	1.2430779393575029
56.67763157894737	1.2519829850993187
56.69407894736842	1.262721062749374
56.71052631578947	1.2713293499870715
56.72697368421053	1.2802467215206563
56.743421052631575	1.2919029365416839
56.75986842105263	1.3008677886165274
56.776315789473685	1.3097282469087759
56.79276315789474	1.3218159126494085
56.80921052631579	1.3311362835618805
56.82565789473684	1.3401264994590931
56.8421052631579	1.3522288069016921
56.858552631578945	1.3622944242323556
56.875	1.3722167075026304
56.891447368421055	1.3834708859712181
56.9078947368421	1.3944506683565914
56.92434210526316	1.405553229530986
56.94078947368421	1.415740683809991
56.95723684210526	1.4282842757723804
56.973684210526315	1.438337956802281
56.99013157894737	1.4485691660047368
57.00657894736842	1.4625289613039292
57.02302631578947	1.4715149557557232
57.03947368421053	1.4838668866954523
57.055921052631575	1.4966049820250535
57.07236842105263	1.5064860504611797
57.088815789473685	1.5198141152970523
57.10526315789474	1.5309527530473306
57.12171052631579	1.543222391813118
57.13815789473684	1.5549836762767066
57.1546052631579	1.5673159370535337
57.171052631578945	1.5794890796452052
57.1875	1.5917794655494408
57.203947368421055	1.6043621245384163
57.2203947368421	1.615293795678915
57.23684210526316	1.6300353405174688
57.25328947368421	1.6400741727330836
57.26973684210526	1.6545162605624846
57.286184210526315	1.6653660840063484
57.30263157894737	1.679367328114823
57.31907894736842	1.6919010345329029
57.33552631578947	1.7026345671841394
57.35197368421053	1.7167567611379135
57.368421052631575	1.7290010113286076
57.38486842105263	1.7415414711612227
57.401315789473685	1.753187608086718
57.41776315789474	1.766516129269621
57.43421052631579	1.7797244847690121
57.45065789473684	1.791668238540355
57.4671052631579	1.8035874339149525
57.483552631578945	1.8177232452239274
57.5	1.8290353537930943
57.516447368421055	1.8426697630070732
57.5328947368421	1.8529458233138163
57.54934210526316	1.8680414454598089
57.56578947368421	1.8782871131077679
57.58223684210526	1.892011827814175
57.598684210526315	1.9024405898301016
57.61513157894737	1.9163221128276633
57.63157894736842	1.928262203517232
57.64802631578947	1.9402457912525217
57.66447368421053	1.9531705916675821
57.680921052631575	1.9640629766118398
57.69736842105263	1.9775250599492815
57.713815789473685	1.9874578493284267
57.73026315789474	2.0018675927587943
57.74671052631579	2.0106631201607126
57.76315789473684	2.02462394651761
57.7796052631579	2.0356483304723985
57.796052631578945	2.048496931627699
57.8125	2.05896468629581
57.828947368421055	2.069894202044269
57.8453947368421	2.082837640577552
57.86184210526316	2.093414726231356
57.87828947368421	2.105042527470444
57.89473684210526	2.1151112298297945
57.911184210526315	2.127218240867515
57.92763157894737	2.140876518571244
57.94407894736842	2.1491576351714015
57.96052631578947	2.160687535579811
57.97697368421053	2.1710917951709
57.993421052631575	2.182018907071184
58.00986842105263	2.1958335959114788
58.026315789473685	2.2025778077139377
58.04276315789474	2.217006826405848
58.05921052631579	2.224955584762956
58.07565789473684	2.2377304433759813
58.09210526315789	2.2485651500857444
58.108552631578945	2.2569794498045987
58.125	2.2686312249965215
58.141447368421055	2.2792538624355587
58.1578947368421	2.2888485714584523
58.17434210526316	2.2993417180136793
58.19078947368421	2.3120944318150927
58.20723684210526	2.318930415770432
58.223684210526315	2.331513455736853
58.24013157894737	2.33944659649899
58.256578947368425	2.3473954684587794
58.27302631578947	2.361478896028439
58.28947368421053	2.369399536065983
58.305921052631575	2.3795131039947637
58.32236842105263	2.3902636019808763
58.338815789473685	2.395969007238389
58.35526315789474	2.4078582431727025
58.37171052631579	2.417504713753351
58.38815789473684	2.4275679962324337
58.40460526315789	2.434529826887693
58.421052631578945	2.4433751862334216
58.4375	2.4534544345888207
58.453947368421055	2.460213321930569
58.4703947368421	2.4696191166995067
58.48684210526316	2.4818175713125328
58.50328947368421	2.4861216172937617
58.51973684210526	2.4936624215465457
58.536184210526315	2.5057072581542017
58.55263157894737	2.510416282581553
58.569078947368425	2.5186980164630914
58.58552631578947	2.5284170225444336
58.60197368421053	2.5355496516256184
58.618421052631575	2.5409097102811677
58.63486842105263	2.549245602777547
58.651315789473685	2.5564207719609544
58.66776315789474	2.5648389945709242
58.68421052631579	2.569192449944851
58.70065789473684	2.5754755660703905
58.71710526315789	2.5832140574986036
58.733552631578945	2.5927360316292924
58.75	2.5946603805546715
58.766447368421055	2.600860187315196
58.7828947368421	2.609574199789793
58.79934210526316	2.613563323190959
58.81578947368421	2.6143791870883013
58.83223684210526	2.6219709861822613
58.848684210526315	2.6279905946479105
58.86513157894737	2.631942028179015
58.881578947368425	2.6364948617295347
58.89802631578947	2.6395397234454725
58.91447368421053	2.6424307087555543
58.930921052631575	2.6451983895813322
58.94736842105263	2.6496495686351524
58.963815789473685	2.650046954352455
58.98026315789474	2.6504182691094242
58.99671052631579	2.6525803793909524
59.01315789473684	2.6571369152677478
59.02960526315789	2.6572007771922665
59.046052631578945	2.653924785322396
59.0625	2.650607020864068
59.078947368421055	2.6523136915280245
59.0953947368421	2.6509624636904023
59.11184210526316	2.6471546868363114
59.12828947368421	2.6409707016338224
59.14473684210526	2.6373691336673444
59.161184210526315	2.630862994902728
59.17763157894737	2.6227488194459774
59.194078947368425	2.61341984391157
59.21052631578947	2.6041894030285304
59.22697368421053	2.5939782515910395
59.243421052631575	2.577897721497902
59.25986842105263	2.560413494377388
59.276315789473685	2.5425560967368552
59.29276315789474	2.5258304634026145
59.30921052631579	2.504457847826735
59.32565789473684	2.478999393841847
59.34210526315789	2.450938508395621
59.358552631578945	2.4213465685368125
59.375	2.393202105086263
59.391447368421055	2.3647028897211624
59.4078947368421	2.332768749614222
59.42434210526316	2.2996320925113123
59.44078947368421	2.2664273200471476
59.45723684210526	2.235079976666071
59.473684210526315	2.2037494738660452
59.49013157894737	2.170202567127195
59.506578947368425	2.1361984480708784
59.52302631578947	2.102472197143404
59.53947368421053	2.069422378487229
59.555921052631575	2.0386436109497867
59.57236842105263	2.0108210469867767
59.588815789473685	1.9832260094398382
59.60526315789474	1.9559707450471644
59.62171052631579	1.930013681219383
59.63815789473684	1.9058059413132475
59.65460526315789	1.8843318230129054
59.671052631578945	1.865477661772132
59.6875	1.8478093933502744
59.703947368421055	1.83050548613031
59.7203947368421	1.81358192067447
59.73684210526316	1.7973233735411087
59.75328947368421	1.781527781203921
59.76973684210526	1.7659337730641624
59.786184210526315	1.7508456208189542
59.80263157894737	1.7360776010647114
59.819078947368425	1.721769470823201
59.83552631578947	1.7078574913736717
59.85197368421053	1.694413023523876
59.868421052631575	1.6809657740605481
59.88486842105263	1.6674642421451435
59.901315789473685	1.653715511772325
59.91776315789474	1.6403704058251494
59.93421052631579	1.6273844044377979
59.95065789473684	1.6144312497450124
59.96710526315789	1.6017578795248724
59.983552631578945	1.589074712367479
60.0	1.576749748561672
60.016447368421055	1.5650300796215195
60.0328947368421	1.5534479344252836
60.04934210526316	1.542002814967011
60.06578947368421	1.530809683573623
60.08223684210526	1.519873845048655
60.098684210526315	1.5092088272537467
60.11513157894737	1.4984603755761388
60.131578947368425	1.4881251197120604
60.14802631578947	1.477804096048571
60.16447368421053	1.467466559556224
60.180921052631575	1.4570820463673184
60.19736842105263	1.4469708930844514
60.213815789473685	1.4369283871582987
60.23026315789474	1.4269719347301546
60.24671052631579	1.416875923233428
60.26315789473684	1.406887837910958
60.27960526315789	1.3972523873100853
60.296052631578945	1.3876956232886446
60.3125	1.378441466689821
60.328947368421055	1.369114661719517
60.3453947368421	1.3598233584669155
60.36184210526316	1.3510842783579442
60.37828947368421	1.3425807294658334
60.39473684210526	1.333847538903297
60.411184210526315	1.324967029608312
60.42763157894737	1.3160297197027295
60.444078947368425	1.3073662191336817
60.46052631578947	1.2984682102357645
60.47697368421053	1.2897081598748623
60.493421052631575	1.2812741454164438
60.50986842105263	1.2733615498432935
60.526315789473685	1.265592733668459
60.54276315789474	1.2579085513662147
60.55921052631579	1.2501287013639824
60.57565789473684	1.2427662332206697
60.59210526315789	1.2351176000729185
60.608552631578945	1.227597430661972
60.625	1.2203967146595769
60.641447368421055	1.2131841844807287
60.6578947368421	1.2060370701840508
60.67434210526316	1.1988636119763225
60.69078947368421	1.1911595057094777
60.70723684210526	1.1835329706729043
60.723684210526315	1.1760627801043468
60.74013157894737	1.1691596675061713
60.756578947368425	1.162658427805491
60.77302631578947	1.156540947387469
60.78947368421053	1.1503243416347178
60.805921052631575	1.1440351858370672
60.82236842105263	1.137392920453737
60.838815789473685	1.1307750357904178
60.85526315789474	1.1241232131567946
60.87171052631579	1.1177035798013897
60.88815789473684	1.111490714004854
60.90460526315789	1.1052450436457726
60.921052631578945	1.0992803903508217
60.9375	1.0937361414238298
60.953947368421055	1.0878081810402271
60.9703947368421	1.081396581970755
60.98684210526316	1.074932029230402
61.00328947368421	1.069262859446228
61.01973684210526	1.0640143216794984
61.036184210526315	1.0586083247718652
61.05263157894737	1.052990989033233
61.069078947368425	1.0472443556544255
61.08552631578947	1.0418121495944999
61.10197368421053	1.036233815127594
61.118421052631575	1.0305341268911632
61.13486842105263	1.0250108420154709
61.151315789473685	1.0202564314411815
61.16776315789474	1.0151482913476768
61.18421052631579	1.0092451411249492
61.20065789473684	1.003647576178781
61.21710526315789	0.9988087719323312
61.233552631578945	0.9943348392515596
61.25	0.9888747386127305
61.266447368421055	0.9831020232007516
61.2828947368421	0.9784444323563621
61.29934210526316	0.9737027286345401
61.31578947368421	0.9688102971372199
61.33223684210526	0.9635046428147818
61.348684210526315	0.9588543949870721
61.36513157894737	0.9539877696570866
61.381578947368425	0.9493722433290792
61.39802631578947	0.9452918361159717
61.41447368421053	0.9402786210511224
61.430921052631575	0.9348642096837064
61.44736842105263	0.9306991537712048
61.463815789473685	0.9267667493565066
61.48026315789474	0.9215848984482479
61.49671052631579	0.9167291014535
61.51315789473684	0.9131749393770221
61.52960526315789	0.9086224437197903
61.546052631578945	0.9036839253146659
61.5625	0.8995949380873087
61.578947368421055	0.8955536276318148
61.5953947368421	0.8912974688137602
61.61184210526316	0.886807783168927
61.62828947368421	0.8824587020873236
61.64473684210526	0.8786132357671766
61.661184210526315	0.8751012065218762
61.67763157894737	0.8702167859114577
61.694078947368425	0.8668076375517101
61.71052631578947	0.8632318782449001
61.72697368421053	0.8583228463210465
61.743421052631575	0.8547937542340787
61.75986842105263	0.8514649215461324
61.776315789473685	0.8470833501831723
61.79276315789474	0.8434360973924662
61.80921052631579	0.8395328490157059
61.82565789473684	0.8356739595031444
61.84210526315789	0.8320694107116546
61.858552631578945	0.8285537483644076
61.875	0.8254230165376878
61.891447368421055	0.820848390687594
61.9078947368421	0.817470956272313
61.92434210526316	0.8145669414620832
61.94078947368421	0.8101839852270998
61.95723684210526	0.8075306282103069
61.973684210526315	0.8035205854517712
61.99013157894737	0.7994345305175681
62.006578947368425	0.7968571118489309
62.02302631578947	0.7926475940128593
62.03947368421053	0.7894652647395581
62.055921052631575	0.7861529164924486
62.07236842105263	0.782882417927962
62.088815789473685	0.7795681331989601
62.10526315789474	0.7763453320766261
62.12171052631579	0.7727981218565675
62.13815789473684	0.7700774399137952
62.15460526315789	0.7676603150365926
62.171052631578945	0.7637649222676188
62.1875	0.7614848796825044
62.203947368421055	0.757565661290409
62.2203947368421	0.7553375828270152
62.23684210526316	0.7522373933290296
62.25328947368421	0.7489124328085248
62.26973684210526	0.7462357018158801
62.286184210526315	0.7428474407747069
62.30263157894737	0.7409253393241495
62.319078947368425	0.7378266733654816
62.33552631578947	0.7344988464960042
62.35197368421053	0.731820421111856
62.368421052631575	0.7290309946645036
62.38486842105263	0.726572598695947
62.401315789473685	0.723345763825461
62.41776315789474	0.7204411465104905
62.43421052631579	0.7181801345501974
62.45065789473684	0.7151648906980826
62.46710526315789	0.712674403917771
62.483552631578945	0.7091911906739339
62.5	0.7070240683014174
62.516447368421055	0.7039522852788264
62.5328947368421	0.7016618175824891
62.54934210526316	0.6987663384439544
62.56578947368421	0.6963548634892549
62.58223684210526	0.6937034901213393
62.598684210526315	0.690975057239186
62.61513157894737	0.6889141788072606
62.631578947368425	0.6857890146723377
62.64802631578947	0.6836988480834403
62.66447368421053	0.6808274820862031
62.680921052631575	0.6789335771993552
62.69736842105263	0.6759640439516207
62.713815789473685	0.6736333554478258
62.73026315789474	0.6715541986222574
62.74671052631579	0.6690495911484436
62.76315789473684	0.6667759508355384
62.77960526315789	0.6640327750030197
62.796052631578945	0.6619224325145123
62.8125	0.6594291102317849
62.828947368421055	0.6566515942086648
62.8453947368421	0.6545378430973718
62.86184210526316	0.6522223214066897
62.87828947368421	0.6498769478935569
62.89473684210526	0.6474703615156749
62.911184210526315	0.6449792571909704
62.92763157894737	0.6432261386722191
62.94407894736842	0.6401098254943649
62.96052631578947	0.638570943713486
62.97697368421053	0.6358866405543075
62.993421052631575	0.6341201190955311
63.00986842105263	0.6319512309322624
63.026315789473685	0.6296631698904024
63.04276315789474	0.627724186729323
63.05921052631579	0.6253446730179785
63.07565789473684	0.623210951807556
63.09210526315789	0.6208772391547003
63.108552631578945	0.6192551334234414
63.125	0.6166914476973182
63.141447368421055	0.6149152046290824
63.1578947368421	0.6129763253611975
63.17434210526316	0.6103887762307454
63.19078947368421	0.608736797979525
63.20723684210526	0.6062704161707135
63.223684210526315	0.6045460635444978
63.24013157894737	0.6028750045413224
63.25657894736842	0.6006567665444087
63.27302631578947	0.5988049769637146
63.28947368421053	0.5968442878301344
63.305921052631575	0.5950203012668499
63.32236842105263	0.5929997909799369
63.338815789473685	0.5909218810544745
63.35526315789474	0.5895108469325803
63.37171052631579	0.5873597379719319
63.38815789473684	0.5852753621882937
63.40460526315789	0.5839481692373604
63.421052631578945	0.5815611277500234
63.4375	0.5795856514544659
63.453947368421055	0.5783400330924233
63.4703947368421	0.576157912225111
63.48684210526316	0.5744855681159615
63.50328947368421	0.5731896980553606
63.51973684210526	0.5714751200754681
63.536184210526315	0.569540612452846
63.55263157894737	0.5679822482743176
63.56907894736842	0.5659504793403883
63.58552631578947	0.5645268603876342
63.60197368421053	0.5627375661828402
63.618421052631575	0.5607590578932412
63.63486842105263	0.5594561893706522
63.651315789473685	0.5580546732842597
63.66776315789474	0.5560679555142416
63.68421052631579	0.5542821470730268
63.70065789473684	0.5530508013493353
63.71710526315789	0.5515911424301957
63.733552631578945	0.5495546667696163
63.75	0.5481788225924217
63.766447368421055	0.5469336051890211
63.7828947368421	0.5450690491293028
63.79934210526316	0.5433524654378437
63.81578947368421	0.5417111527738672
63.83223684210526	0.5397168753989899
63.848684210526315	0.5382194207269927
63.86513157894737	0.5369873930018585
63.88157894736842	0.5350083872413358
63.89802631578947	0.5334028155656727
63.91447368421053	0.5316380780028789
63.930921052631575	0.5306300732823861
63.94736842105263	0.5292587391053821
63.963815789473685	0.5273109936136923
63.98026315789474	0.5256915323201855
63.99671052631579	0.5242926246117123
64.01315789473684	0.5228560331875921
64.02960526315789	0.5214403675076043
64.04605263157895	0.5198705878942692
64.0625	0.5185573064232416
64.07894736842105	0.5169222449742098
64.09539473684211	0.5151975276160772
64.11184210526315	0.5135007839777348
64.1282894736842	0.5124524862010812
64.14473684210526	0.5113355170104767
64.16118421052632	0.5101007298230583
64.17763157894737	0.508188455036529
64.19407894736842	0.5067899894850514
64.21052631578948	0.5054859457862594
64.22697368421052	0.5042012334523525
64.24342105263158	0.5031669887360697
64.25986842105263	0.5016144426124591
64.27631578947368	0.5001804801658221
64.29276315789474	0.498714711482188
64.3092105263158	0.49753256542201224
64.32565789473684	0.49613454704853877
64.34210526315789	0.49463658885267126
64.35855263157895	0.4932359072558984
64.375	0.49176180584411533
64.39144736842105	0.4907131888713862
64.40789473684211	0.4898013048262934
64.42434210526315	0.48879793774968905
64.4407894736842	0.4873938797992939
64.45723684210526	0.4859358036821535
64.47368421052632	0.4845506496057948
64.49013157894737	0.4831114464218681
64.50657894736842	0.4821093987574492
64.52302631578948	0.4810004026089313
64.53947368421052	0.479926062692783
64.55592105263158	0.47860326973555817
64.57236842105263	0.477333639775645
64.58881578947368	0.476059713371635
64.60526315789474	0.4747903784262636
64.6217105263158	0.4736640684085854
64.63815789473684	0.4726333664731031
64.65460526315789	0.47153348938543976
64.67105263157895	0.47053351539484345
64.6875	0.469141233904146
64.70394736842105	0.46821936006495485
64.72039473684211	0.4667270922440155
64.73684210526315	0.465539314286468
64.7532894736842	0.4641232392233182
64.76973684210526	0.46309125892823383
64.78618421052632	0.4617819357983122
64.80263157894737	0.46063607633437903
64.81907894736842	0.4596060037954823
64.83552631578948	0.45847505718866566
64.85197368421052	0.45737907895199226
64.86842105263158	0.456332469878027
64.88486842105263	0.45523553427032
64.90131578947368	0.4537744717663081
64.91776315789474	0.45279103887847044
64.9342105263158	0.4517808961334299
64.95065789473684	0.4508154897611853
64.96710526315789	0.4495637826942987
64.98355263157895	0.4483483695005009
65.0	0.4472120818093311
65.01644736842105	0.4462787563202283
65.03289473684211	0.44503906609005267
65.04934210526315	0.4441345143183998
65.0657894736842	0.4432298757603504
65.08223684210526	0.4421989802676726
65.09868421052632	0.44122261436841076
65.11513157894737	0.4401581409678234
65.13157894736842	0.4392948215471193
65.14802631578948	0.4381753057334145
65.16447368421052	0.437211815597176
65.18092105263158	0.4359082994190804
65.19736842105263	0.434984582747926
65.21381578947368	0.43410228087348857
65.23026315789474	0.433267238054702
65.2467105263158	0.4321482749991625
65.26315789473684	0.4308647277996344
65.27960526315789	0.43003468207722945
65.29605263157895	0.4289455563969886
65.3125	0.428258826604923
65.32894736842105	0.427256771977319
65.34539473684211	0.42634124260656137
65.36184210526315	0.42530089744172883
65.3782894736842	0.4244032028152718
65.39473684210526	0.423156087769207
65.41118421052632	0.4222540162827547
65.42763157894737	0.4213884574837996
65.44407894736842	0.4208529637665761
65.46052631578948	0.4199059295198148
65.47697368421052	0.41880294320543887
65.49342105263158	0.41763661422210885
65.50986842105263	0.41675606938849447
65.52631578947368	0.4158299602112987
65.54276315789474	0.41472767942968075
65.5592105263158	0.4140238899941195
65.57565789473684	0.41320211350729724
65.59210526315789	0.4124071976025853
65.60855263157895	0.4114267203983506
65.625	0.4104398373828889
65.64144736842105	0.40940176459917654
65.65789473684211	0.40863757932941963
65.67434210526315	0.40780597148601344
65.6907894736842	0.4068998911542513
65.70723684210526	0.4058484765799722
65.72368421052632	0.4049516973155855
65.74013157894737	0.403976002907097
65.75657894736842	0.40319951541824695
65.77302631578948	0.4022192134275755
65.78947368421052	0.4012280925654812
65.80592105263158	0.4006848817922211
65.82236842105263	0.3998293382974856
65.83881578947368	0.3991265116889012
65.85526315789474	0.39819099547073644
65.8717105263158	0.39729808612941975
65.88815789473684	0.39599049819528026
65.90460526315789	0.3950473377741105
65.92105263157895	0.39435021154045247
65.9375	0.3934871088284865
65.95394736842105	0.3927562589064048
65.97039473684211	0.39174102147521705
65.98684210526315	0.39093014674847815
66.0032894736842	0.3902388450018527
66.01973684210526	0.3895555891156412
66.03618421052632	0.3886303984433219
66.05263157894737	0.3879969616572091
66.06907894736842	0.3872882508284787
66.08552631578948	0.38631727090650037
66.10197368421052	0.3852636555650118
66.11842105263158	0.3845181260939642
66.13486842105263	0.3838482687828306
66.15131578947368	0.3833903123731716
66.16776315789474	0.38241169917104095
66.18421052631578	0.3816434460563106
66.20065789473685	0.38133358837504794
66.21710526315789	0.3807610052057317
66.23355263157895	0.37978586406968845
66.25	0.37894346604431367
66.26644736842105	0.37858922087391783
66.28289473684211	0.3777520279248522
66.29934210526315	0.3772143769157668
66.3157894736842	0.37649570600544835
66.33223684210526	0.375614763787101
66.34868421052632	0.37480595173915193
66.36513157894737	0.3744695528446819
66.38157894736842	0.37391771441227734
66.39802631578948	0.3731504197524915
66.41447368421052	0.3723757893017337
66.43092105263158	0.3719926435053599
66.44736842105263	0.371071682714225
66.46381578947368	0.3704888923401348
66.48026315789474	0.3699498295563574
66.49671052631578	0.3694923953961964
66.51315789473685	0.368733933094458
66.52960526315789	0.3680445871110346
66.54605263157895	0.3674804782511952
66.5625	0.36696409358214016
66.57894736842105	0.3664993620195742
66.59539473684211	0.36516092790652993
66.61184210526315	0.36476917826933275
66.6282894736842	0.36441342898630763
66.64473684210526	0.36316236700617965
66.66118421052632	0.36264368753385584
66.67763157894737	0.3621038357001194
66.69407894736842	0.36143442466993525
66.71052631578948	0.3607230674910219
66.72697368421052	0.36007536541516777
66.74342105263158	0.3593972466575511
66.75986842105263	0.35884184188918794
66.77631578947368	0.35855462916588887
66.79276315789474	0.357712141335421
66.80921052631578	0.35690182036952645
66.82565789473685	0.3562103204507268
66.84210526315789	0.3559979503448012
66.85855263157895	0.3548429847221741
66.875	0.35410839655421184
66.89144736842105	0.3538089340066689
66.90789473684211	0.3527791098139363
66.92434210526315	0.3526499382632388
66.9407894736842	0.3519352348875227
66.95723684210526	0.3512356018936777
66.97368421052632	0.3508823772268174
66.99013157894737	0.3502747744714498
67.00657894736842	0.3497058773469248
67.02302631578948	0.34881581513032
67.03947368421052	0.34816316130548774
67.05592105263158	0.3475106151480411
67.07236842105263	0.3471190479821215
67.08881578947368	0.3461757352666085
67.10526315789474	0.34562891778292704
67.12171052631578	0.3448315420752993
67.13815789473685	0.3440905691393546
67.15460526315789	0.34367471090731566
67.17105263157895	0.34253018028068966
67.1875	0.34234500535308615
67.20394736842105	0.3415464385995268
67.22039473684211	0.34108664176035447
67.23684210526315	0.3405302518963293
67.2532894736842	0.33999714783089746
67.26973684210526	0.33927523800500337
67.28618421052632	0.3387020642743514
67.30263157894737	0.3380569925906465
67.31907894736842	0.3372276409613271
67.33552631578948	0.33633534424834544
67.35197368421052	0.33614799741791856
67.36842105263158	0.3353345718628441
67.38486842105263	0.3350379024140147
67.40131578947368	0.33404998987083173
67.41776315789474	0.3337309699558004
67.43421052631578	0.33279539535192004
67.45065789473685	0.33269240812657846
67.46710526315789	0.3319282541313355
67.48355263157895	0.3314142321186196
67.5	0.33084038486384504
67.51644736842105	0.33035653698230255
67.53289473684211	0.3299652735057516
67.54934210526315	0.32895162626053476
67.5657894736842	0.3285311900728398
67.58223684210526	0.32760624349757794
67.59868421052632	0.3273552407023696
67.61513157894737	0.3264676787217444
67.63157894736842	0.3262653125733237
67.64802631578948	0.32570340395046676
67.66447368421052	0.3254268231486442
67.68092105263158	0.32462646658257355
67.69736842105263	0.32407956376387986
67.71381578947368	0.32375728498023226
67.73026315789474	0.3232922149477368
67.74671052631578	0.32288730409112054
67.76315789473685	0.3224707015675528
67.77960526315789	0.3217740199022992
67.79605263157895	0.32144128712668346
67.8125	0.32085362876524026
67.82894736842105	0.3206966020317204
67.84539473684211	0.3199537734163581
67.86184210526315	0.3197675781930412
67.8782894736842	0.3196489673310601
67.89473684210526	0.31920218852643323
67.91118421052632	0.31893358780123116
67.92763157894737	0.3182181898081165
67.94407894736842	0.31808708177953016
67.96052631578948	0.3176258724704269
67.97697368421052	0.31706941723752285
67.99342105263158	0.3167031798793096
68.00986842105263	0.31625406553237473
68.02631578947368	0.31568842161582494
68.04276315789474	0.31495867613139894
68.05921052631578	0.3146449816979575
68.07565789473685	0.3139806253973744
68.09210526315789	0.313760589102889
68.10855263157895	0.31315140011154335
68.125	0.3125813392095455
68.14144736842105	0.31222072683204055
68.15789473684211	0.3114241050003428
68.17434210526315	0.3110680312982245
68.1907894736842	0.31047482012127314
68.20723684210526	0.30952223475701035
68.22368421052632	0.30888936960010593
68.24013157894737	0.3084157763112296
68.25657894736842	0.3080632001899044
68.27302631578948	0.3072714410729227
68.28947368421052	0.3067515454043281
68.30592105263158	0.3064710554138615
68.32236842105263	0.30584168585519594
68.33881578947368	0.30539757559554115
68.35526315789474	0.3051940274879056
68.37171052631578	0.3046076963636421
68.38815789473685	0.3041647712043694
68.40460526315789	0.3037566844435307
68.42105263157895	0.30301128390207516
68.4375	0.3023747322130187
