50.0	0.18784159419797206
50.0164744645799	0.20406777458654177
50.0329489291598	0.21886078873842327
50.0494233937397	0.23261610331770743
50.0658978583196	0.24590863074382385
50.08237232289951	0.25838069445493334
50.09884678747941	0.270440412728277
50.11532125205931	0.28178576374442277
50.13179571663921	0.2929292567255306
50.14827018121911	0.30342370458033807
50.16474464579901	0.3137181705166019
50.18121911037891	0.32336044748059317
50.19769357495881	0.33252226448532435
50.21416803953871	0.34111660634908125
50.23064250411861	0.34899230212936
50.24711696869852	0.35565592594228806
50.26359143327842	0.36027299713374655
50.28006589785832	0.36226850709192554
50.29654036243822	0.36288830360255186
50.31301482701812	0.3634642318440207
50.32948929159802	0.3644054302761583
50.34596375617792	0.3652893894216785
50.362438220757824	0.36626621692977546
50.378912685337724	0.3671069509786926
50.395387149917624	0.3678709491768892
50.41186161449753	0.36877035110011397
50.42833607907743	0.36958632509610423
50.44481054365733	0.37061422784021797
50.46128500823723	0.3714615615649211
50.477759472817134	0.37263117776147414
50.494233937397034	0.3735423725043994
50.510708401976935	0.37452216495099305
50.527182866556835	0.37554217202045037
50.543657331136735	0.37633878666117015
50.560131795716636	0.3771774858143766
50.57660626029654	0.37780712219642626
50.593080724876444	0.3785577765044887
50.609555189456344	0.3792542772838159
50.626029654036245	0.3799460946791231
50.642504118616145	0.3808134449416538
50.658978583196046	0.38150586538517073
50.675453047775946	0.3821899053475323
50.691927512355846	0.38305486118891346
50.70840197693575	0.38406140420192414
50.72487644151565	0.3848778566593044
50.741350906095555	0.38567450371675105
50.757825370675455	0.3865516191510131
50.774299835255356	0.38731771225895
50.790774299835256	0.38817831359577376
50.80724876441516	0.38888303529757734
50.82372322899506	0.3894873152770301
50.84019769357496	0.39021547120732475
50.85667215815486	0.39098035022145156
50.87314662273476	0.392218135373259
50.889621087314666	0.39334292538444743
50.906095551894566	0.39459107730900045
50.92257001647447	0.395593445889654
50.93904448105437	0.39648577015801895
50.95551894563427	0.3976112485694254
50.97199341021417	0.3984577663388242
50.98846787479407	0.39932618109734475
51.00494233937397	0.40012660397108374
51.02141680395387	0.4008407646852804
51.03789126853377	0.4018706904340334
51.05436573311368	0.4031401216113805
51.07084019769358	0.4043965506165774
51.08731466227348	0.4052241910625357
51.10378912685338	0.4060610012827956
51.12026359143328	0.40718672172380266
51.13673805601318	0.40839258736953177
51.15321252059308	0.4094948448459524
51.16968698517298	0.41053589088599796
51.18616144975288	0.41166391524927
51.20263591433278	0.4125110758104743
51.21911037891269	0.4135024546805846
51.23558484349259	0.41438236191317
51.25205930807249	0.41544790350989846
51.26853377265239	0.41660359723835405
51.28500823723229	0.41746867190862424
51.30148270181219	0.41837149834407966
51.31795716639209	0.4195926025616495
51.33443163097199	0.4208848571302242
51.35090609555189	0.4220987059315873
51.36738056013179	0.42282000679539106
51.3838550247117	0.423511196257694
51.4003294892916	0.4246214074821019
51.4168039538715	0.42547853494875537
51.4332784184514	0.4264102518157918
51.4497528830313	0.42757056053398973
51.4662273476112	0.42874014226760954
51.4827018121911	0.42967575202632485
51.499176276771	0.4306468195705031
51.5156507413509	0.4316017138605891
51.53212520593081	0.4323592856359183
51.54859967051071	0.43318777994412944
51.56507413509061	0.4345837651418123
51.58154859967051	0.4357864432543773
51.59802306425041	0.4364570793926153
51.61449752883031	0.43761715500914905
51.63097199341021	0.43882731624977717
51.647446457990114	0.43945777360946287
51.663920922570014	0.4409091458420986
51.680395387149915	0.44214760560157607
51.696869851729815	0.44306099218997025
51.71334431630972	0.4443400291694871
51.72981878088962	0.44541368214083576
51.74629324546952	0.4466175302891491
51.762767710049424	0.4483727226078186
51.779242174629324	0.44908623754080795
51.795716639209225	0.44961856771475694
51.812191103789125	0.4510238283106289
51.828665568369026	0.4523271898174529
51.845140032948926	0.4532898452572725
51.861614497528834	0.45530016179732274
51.878088962108734	0.45616477892806995
51.894563426688634	0.4567366265655435
51.911037891268535	0.4579669336188376
51.927512355848435	0.4589390818746273
51.943986820428336	0.46061273980887146
51.960461285008236	0.4619534096262701
51.97693574958814	0.46302593689345267
51.99341021416804	0.46408018982396504
52.00988467874794	0.46496956678414025
52.026359143327845	0.46692632194327316
52.042833607907745	0.46810451729000463
52.059308072487646	0.46893774266871924
52.075782537067546	0.470536795472512
52.09225700164745	0.4711032801633146
52.10873146622735	0.4728959947664386
52.12520593080725	0.4742918996392065
52.14168039538715	0.4756139210471368
52.15815485996705	0.47691564743801024
52.174629324546956	0.4783347637861005
52.191103789126856	0.47971812611753334
52.20757825370676	0.48104177497179246
52.22405271828666	0.4831233797600861
52.24052718286656	0.4841996960524768
52.25700164744646	0.4862191582760484
52.27347611202636	0.48705140599239116
52.28995057660626	0.4881324545252477
52.30642504118616	0.4899358776979108
52.32289950576606	0.49091424251827276
52.33937397034596	0.4928852049768957
52.35584843492587	0.49359333028543334
52.37232289950577	0.495289370403315
52.38879736408567	0.49654895315366854
52.40527182866557	0.49831094939484427
52.42174629324547	0.499607723974559
52.43822075782537	0.500920731974791
52.45469522240527	0.5022435066209066
52.47116968698517	0.5040781336812171
52.48764415156507	0.5049084688501396
52.50411861614498	0.5065760401739563
52.52059308072488	0.5070492131119254
52.53706754530478	0.5093976865786547
52.55354200988468	0.5098878250387662
52.57001647446458	0.5118140731951093
52.58649093904448	0.5127791093470325
52.60296540362438	0.5147394760377485
52.61943986820428	0.5159124422794721
52.63591433278418	0.5178430029954191
52.65238879736408	0.5190964279732445
52.66886326194399	0.5206681410581668
52.68533772652389	0.5218852840224236
52.70181219110379	0.5234851959413103
52.71828665568369	0.5252072385994688
52.73476112026359	0.5265548084673582
52.75123558484349	0.528481847062876
52.76771004942339	0.5295654398723632
52.78418451400329	0.5317223443414474
52.80065897858319	0.5324492250982009
52.817133443163094	0.5350590662842478
52.833607907743	0.5360327457575937
52.8500823723229	0.538359553301491
52.8665568369028	0.5390631312197599
52.8830313014827	0.5411028985150029
52.8995057660626	0.5425949659040248
52.915980230642504	0.5440591540239147
52.932454695222404	0.5456427479284779
52.948929159802304	0.5475533430280288
52.965403624382205	0.5490696177954266
52.981878088962105	0.5509837406445729
52.99835255354201	0.5521749202944172
53.01482701812191	0.5547179497242825
53.031301482701814	0.5558162927126378
53.047775947281714	0.5577407006903717
53.064250411861615	0.5595730071765767
53.080724876441515	0.5609872629404751
53.097199341021415	0.5633567115770572
53.113673805601316	0.5646906335903356
53.130148270181216	0.5668045852750666
53.146622734761124	0.5685766361114247
53.163097199341024	0.5702783033311175
53.179571663920925	0.5719074902908572
53.196046128500825	0.5742355825681899
53.212520593080725	0.5759252288485521
53.228995057660626	0.5779190511709912
53.245469522240526	0.5802560166059249
53.26194398682043	0.5816200580873707
53.27841845140033	0.5838883539163854
53.29489291598023	0.5853384553251957
53.31136738056013	0.5872144009454887
53.327841845140036	0.5896076551564943
53.344316309719936	0.5910501488542321
53.360790774299836	0.5930607106733544
53.37726523887974	0.595319501394968
53.39373970345964	0.5967733198228682
53.41021416803954	0.5988713262849094
53.42668863261944	0.6006729426599778
53.44316309719934	0.6027422447587851
53.45963756177924	0.6044943938888468
53.47611202635915	0.6063147190454178
53.49258649093905	0.6088976479991721
53.50906095551895	0.6103832919051659
53.52553542009885	0.6120020855926049
53.54200988467875	0.6146985886390604
53.55848434925865	0.616253173229909
53.57495881383855	0.6181977452414927
53.59143327841845	0.62097034483018
53.60790774299835	0.622953386215026
53.62438220757825	0.6249250267918678
53.64085667215816	0.6274567609775453
53.65733113673806	0.6295879039914201
53.67380560131796	0.6316885173542052
53.69028006589786	0.6338090575524413
53.70675453047776	0.6358373681898056
53.72322899505766	0.6387047970513285
53.73970345963756	0.6407407532004493
53.75617792421746	0.6423437201675088
53.77265238879736	0.6451070541440825
53.78912685337727	0.6477206432408923
53.80560131795717	0.6497128843751443
53.82207578253707	0.6515295265552861
53.83855024711697	0.6542335620749168
53.85502471169687	0.6576051491577929
53.87149917627677	0.6594382693906109
53.88797364085667	0.6617245493319212
53.90444810543657	0.6644382124543697
53.92092257001647	0.6665039007361354
53.93739703459637	0.6692000668084399
53.95387149917627	0.671623613703493
53.97034596375618	0.6735903171868397
53.98682042833608	0.6761355126039559
54.00329489291598	0.6788037229529877
54.01976935749588	0.6818824170120185
54.03624382207578	0.6841488386149646
54.05271828665568	0.6857671823742623
54.06919275123558	0.688844001151256
54.085667215815484	0.6916775852408023
54.102141680395384	0.6943817807630912
54.11861614497529	0.6966648591313556
54.13509060955519	0.6991873331621975
54.15156507413509	0.7023149020974745
54.16803953871499	0.7048484259491842
54.18451400329489	0.7072307773191748
54.200988467874794	0.7098859450167448
54.217462932454694	0.713349402527013
54.233937397034595	0.7158568154231453
54.250411861614495	0.7179826601400118
54.266886326194395	0.7205490813846062
54.283360790774296	0.7232165227813242
54.2998352553542	0.7270237291646222
54.316309719934104	0.7297608143988519
54.332784184514004	0.7326473347597847
54.349258649093905	0.7353703632498537
54.365733113673805	0.7376548093825045
54.382207578253706	0.7414815454245168
54.398682042833606	0.7439227443360334
54.415156507413506	0.7478166204192772
54.431630971993414	0.7504391105394138
54.448105436573314	0.7537916834137522
54.464579901153215	0.7576159049789403
54.481054365733115	0.7601428928616184
54.497528830313016	0.7638016297472614
54.514003294892916	0.7660514013304924
54.53047775947282	0.7695011166499334
54.54695222405272	0.7720069614612856
54.56342668863262	0.7754674192439908
54.57990115321252	0.7795687733122136
54.59637561779242	0.782845106533141
54.612850082372326	0.7868875793981417
54.629324546952226	0.7895416974486461
54.64579901153213	0.7930309745541626
54.66227347611203	0.7962525022204037
54.67874794069193	0.7998951627053216
54.69522240527183	0.8037739694545362
54.71169686985173	0.8070489147433125
54.72817133443163	0.8108287255953134
54.74464579901153	0.8136071152241828
54.76112026359144	0.8169571675865483
54.77759472817134	0.8204897525596015
54.79406919275124	0.8235450510653753
54.81054365733114	0.8276543222130667
54.82701812191104	0.8309375836447732
54.84349258649094	0.8352311685760927
54.85996705107084	0.8389845866731398
54.87644151565074	0.8428432204254847
54.89291598023064	0.8464626310801612
54.90939044481054	0.8501753161973361
54.92586490939044	0.8540059961169797
54.94233937397035	0.8576865402230935
54.95881383855025	0.8617265723154648
54.97528830313015	0.8655118002226786
54.99176276771005	0.8696171810128139
55.00823723228995	0.873243014621688
55.02471169686985	0.8776777046083256
55.04118616144975	0.8816894631830859
55.05766062602965	0.8858904431599993
55.07413509060955	0.8900514103062378
55.09060955518946	0.8944851453928175
55.10708401976936	0.8987280026380097
55.12355848434926	0.9031709207921548
55.14003294892916	0.9073300375063712
55.15650741350906	0.9119449931364184
55.17298187808896	0.9163910820011875
55.18945634266886	0.9210381856864651
55.20593080724876	0.9256505442103927
55.22240527182866	0.9306181198130501
55.23887973640856	0.9350938117336794
55.255354200988464	0.9400134487041425
55.27182866556837	0.944528095009221
55.28830313014827	0.9494227660815441
55.30477759472817	0.954072896191344
55.32125205930807	0.9587780153578478
55.33772652388797	0.9635830556268115
55.35420098846787	0.9683242244286766
55.370675453047774	0.9732873779247778
55.387149917627674	0.9781235630293006
55.40362438220758	0.9834023503795916
55.42009884678748	0.988301340340356
55.43657331136738	0.9937555867557588
55.45304777594728	0.9990274634089583
55.46952224052718	1.004778199862549
55.485996705107084	1.0097515103876915
55.502471169686984	1.0149241043074393
55.518945634266885	1.0199079206532606
55.535420098846785	1.0251973113444923
55.551894563426686	1.0302527960267007
55.568369028006586	1.035579668208257
55.584843492586494	1.0415150417791452
55.601317957166394	1.0473849511953444
55.617792421746294	1.0533467083659434
55.634266886326195	1.059076837097153
55.650741350906095	1.0648120696219887
55.667215815485996	1.0706232029604672
55.683690280065896	1.0763696031405154
55.7001647446458	1.0824416415641676
55.7166392092257	1.088874193337152
55.733113673805605	1.095580872551796
55.749588138385505	1.1017660892932981
55.766062602965405	1.107516445089248
55.782537067545306	1.113283745396829
55.799011532125206	1.1190963645898513
55.81548599670511	1.1264034580105415
55.83196046128501	1.1333173768174103
55.84843492586491	1.140138773215309
55.86490939044481	1.1466044157244326
55.88138385502471	1.1529451534157427
55.89785831960461	1.1602323160268977
55.914332784184516	1.1668027780249663
55.93080724876442	1.1743483377621344
55.94728171334432	1.1806703086014276
55.96375617792422	1.1872457684379734
55.98023064250412	1.1946267138410909
55.99670510708402	1.2023827409466723
56.01317957166392	1.2107100424842268
56.02965403624382	1.2173732908915689
56.04612850082373	1.2240163521249576
56.06260296540363	1.2311860131895913
56.07907742998353	1.239099400522218
56.09555189456343	1.2475045844036623
56.11202635914333	1.254929240359637
56.12850082372323	1.262357920447618
56.14497528830313	1.2705212691334669
56.16144975288303	1.2785097083541341
56.17792421746293	1.2860678132555257
56.19439868204283	1.2941336449137808
56.21087314662273	1.3026449872280013
56.22734761120264	1.3116013503858461
56.24382207578254	1.3190441366153873
56.26029654036244	1.3260589812137697
56.27677100494234	1.3357714673842038
56.29324546952224	1.3449508467405675
56.30971993410214	1.3529200163948902
56.32619439868204	1.3610915254253508
56.34266886326194	1.3697283502559048
56.35914332784184	1.379526044420878
56.37561779242175	1.3881111874377465
56.39209225700165	1.396495221814281
56.40856672158155	1.4069239167146192
56.42504118616145	1.4149607740880703
56.44151565074135	1.4238771873546372
56.45799011532125	1.4352128875325048
56.47446457990115	1.443393563861693
56.49093904448105	1.4515599670127044
56.50741350906095	1.4626946889253827
56.52388797364085	1.4726759779936174
56.540362438220754	1.481148889449928
56.55683690280066	1.490691895940944
56.57331136738056	1.501980883602324
56.58978583196046	1.5116113162256684
56.60626029654036	1.5209649049117875
56.62273476112026	1.5316884045858847
56.639209225700164	1.541392247230092
56.655683690280064	1.5522034647101453
56.672158154859964	1.5627487965755418
56.688632619439865	1.5718465549084593
56.70510708401977	1.5836710536998928
56.72158154859967	1.5948356663679448
56.73805601317957	1.6031161534389176
56.754530477759474	1.615771222306001
56.771004942339374	1.627211238041853
56.787479406919275	1.6352699390061198
56.803953871499175	1.6484812024845004
56.820428336079075	1.659473207349916
56.836902800658976	1.6681623643643622
56.853377265238876	1.6813548340319537
56.86985172981878	1.6923893605397085
56.886326194398684	1.7024933975604155
56.902800658978585	1.7142761500746395
56.919275123558485	1.7251773833551498
56.935749588138385	1.7370771344252685
56.952224052718286	1.747143968337246
56.968698517298186	1.7597707967915914
56.98517298187809	1.7707953577076974
57.00164744645799	1.7799521163623406
57.018121911037895	1.794282252189471
57.034596375617795	1.8033248272027924
57.051070840197696	1.8142044170219895
57.067545304777596	1.8272845509432538
57.084019769357496	1.8364538094790963
57.1004942339374	1.8493436362782887
57.1169686985173	1.8603126795606575
57.1334431630972	1.8716311630216502
57.1499176276771	1.8825577839082697
57.166392092257	1.8945513999351833
57.1828665568369	1.9051315009614735
57.19934102141681	1.916988749802321
57.21581548599671	1.9292662272076422
57.23228995057661	1.9378100729590026
57.24876441515651	1.9526240606573908
57.26523887973641	1.9611790010189776
57.28171334431631	1.974883060101602
57.29818780889621	1.9841668535675776
57.31466227347611	1.9972998974679024
57.33113673805601	2.008297491852818
57.34761120263592	2.0181189362733876
57.36408566721582	2.0306161054389698
57.38056013179572	2.0427679505896337
57.39703459637562	2.052504007898588
57.41350906095552	2.0636877790097103
57.42998352553542	2.0741320988859515
57.44645799011532	2.0870611487137714
57.46293245469522	2.0959404126631194
57.47940691927512	2.1073751327155903
57.49588138385502	2.1190274649966963
57.51235584843492	2.1298870827411824
57.52883031301483	2.1399585371250613
57.54530477759473	2.1497932697523185
57.56177924217463	2.162117418017676
57.57825370675453	2.1722285861752466
57.59472817133443	2.1825872967491247
57.61120263591433	2.1926871240490895
57.62767710049423	2.2029842060296914
57.64415156507413	2.2138702147451306
57.66062602965404	2.22357916770384
57.67710049423394	2.23519229884098
57.69357495881384	2.24318267082922
57.71004942339374	2.2543434477597817
57.72652388797364	2.2650698575017674
57.74299835255354	2.275303977547381
57.75947281713344	2.284993747621955
57.77594728171334	2.293830238884721
57.79242174629324	2.3066952937256158
57.808896210873144	2.314338816768003
57.825370675453044	2.3256422213555337
57.84184514003295	2.3319301559755345
57.85831960461285	2.3446081751018646
57.87479406919275	2.35532942098141
57.89126853377265	2.363282646855804
57.90774299835255	2.3728051970794315
57.924217462932454	2.381113775407412
57.940691927512354	2.391269210038974
57.957166392092255	2.4029805168855396
57.973640856672155	2.4080792085245015
57.99011532125206	2.420915249235168
58.00658978583196	2.425155560615283
58.02306425041186	2.4382585298570576
58.039538714991764	2.4464526242328155
58.056013179571664	2.452993006738473
58.072487644151565	2.46429289117169
58.088962108731465	2.470291784786412
58.105436573311366	2.480801981809192
58.121911037891266	2.4889778570239636
58.138385502471166	2.4972626118824297
58.15485996705107	2.505424819632402
58.17133443163097	2.5165744071277247
58.187808896210875	2.521395430432901
58.204283360790775	2.530575993686214
58.220757825370676	2.5418971824059358
58.237232289950576	2.5459319981659316
58.25370675453048	2.5585334322853464
58.27018121911038	2.56377474055986
58.28665568369028	2.5701076978305264
58.303130148270185	2.582166934849991
58.319604612850085	2.5891140262532506
58.336079077429986	2.597495590958598
58.352553542009886	2.60545212602291
58.36902800658979	2.6115067537792616
58.38550247116969	2.619810811768221
58.40197693574959	2.627597784690778
58.41845140032949	2.6390379565271753
58.43492586490939	2.642813186399024
58.45140032948929	2.6496662262152464
58.46787479406919	2.661017654321453
58.48434925864909	2.6644314937058358
58.500823723229	2.6718794298319968
58.5172981878089	2.6831442302438986
58.5337726523888	2.689158112741654
58.5502471169687	2.691979234081048
58.5667215815486	2.703064735589892
58.5831960461285	2.7102773315796616
58.5996705107084	2.7146596620451504
58.6161449752883	2.7230095457588734
58.63261943986821	2.7295153206772995
58.64909390444811	2.736709532781659
58.66556836902801	2.743267997044838
58.68204283360791	2.748106045547865
58.69851729818781	2.7559095598328702
58.71499176276771	2.764890503675869
58.73146622734761	2.7656661413117014
58.74794069192751	2.7709136823128415
58.76441515650741	2.7808787579718643
58.78088962108731	2.787320450180279
58.79736408566721	2.789480963425286
58.81383855024711	2.796413023041585
58.83031301482702	2.8024234029630257
58.84678747940692	2.807052717364448
58.86326194398682	2.809550079751636
58.87973640856672	2.8156383664558
58.89621087314662	2.820275124979602
58.91268533772652	2.8242945090280633
58.92915980230642	2.8323071498243113
58.94563426688633	2.83539743532556
58.96210873146623	2.8355193405038857
58.97858319604613	2.838584234564447
58.99505766062603	2.8451055754211065
59.01153212520593	2.8494777554751174
59.02800658978583	2.8483695838831564
59.04448105436573	2.848704415537005
59.06095551894563	2.855070233617135
59.07742998352553	2.85742839471479
59.093904448105434	2.858511722330048
59.110378912685334	2.8589521896759305
59.126853377265235	2.858647938102811
59.14332784184514	2.858879475904185
59.15980230642504	2.857938640940301
59.17627677100494	2.856303853858688
59.19275123558484	2.8560746008311897
59.209225700164744	2.855327176345344
59.225700164744644	2.8482910957859153
59.242174629324545	2.841621947325476
59.258649093904445	2.8352020174946047
59.27512355848435	2.8295302502624144
59.29159802306425	2.824419754437492
59.308072487644154	2.8143285547883132
59.324546952224054	2.8016040997539813
59.341021416803954	2.7857137657009714
59.357495881383855	2.770598851876162
59.373970345963755	2.7538625570937447
59.390444810543656	2.7324822566599596
59.406919275123556	2.7083418838728437
59.42339373970346	2.6812470987464243
59.43986820428336	2.6512671415463314
59.45634266886326	2.6216811572700123
59.472817133443165	2.5898569329132255
59.489291598023065	2.5541275877366716
59.505766062602966	2.517572310232804
59.522240527182866	2.480679795988362
59.53871499176277	2.444304002344263
59.55518945634267	2.410314578640883
59.57166392092257	2.375189736387277
59.588138385502475	2.3383378944355115
59.604612850082376	2.3011715339205003
59.621087314662276	2.2643232194001923
59.637561779242176	2.228170553545156
59.65403624382208	2.193183152755635
59.67051070840198	2.161251039058446
59.68698517298188	2.131257521041305
59.70345963756178	2.102162697509761
59.71993410214168	2.074076679159362
59.73640856672158	2.048194418246575
59.75288303130148	2.025417310768341
59.76935749588138	2.005453011708162
59.78583196046128	1.9878787107314022
59.80230642504119	1.9725911963831593
59.81878088962109	1.9584269706069013
59.83525535420099	1.9445824648981016
59.85172981878089	1.9303702591386025
59.86820428336079	1.9164143081562968
59.88467874794069	1.9024199636294326
59.90115321252059	1.888263787174016
59.9176276771005	1.8740374947698983
59.9341021416804	1.8602121904414668
59.9505766062603	1.8467597478419033
59.9670510708402	1.8333738018377244
59.9835255354201	1.8203731672596613
60.0	1.8077467508556095
60.0164744645799	1.7953256186455655
60.0329489291598	1.78303191459102
60.0494233937397	1.7711739688746584
60.0658978583196	1.7593545754323627
60.0823723228995	1.7475224377237426
60.0988467874794	1.7360702834750499
60.11532125205931	1.7248592845414208
60.13179571663921	1.7137935511348696
60.14827018121911	1.7025873424305584
60.16474464579901	1.6916282055474294
60.18121911037891	1.681067673850625
60.19769357495881	1.6702477822796844
60.21416803953871	1.6594572100252618
60.23064250411861	1.6487538627362885
60.24711696869852	1.6381819610959465
60.26359143327842	1.6277288550678337
60.28006589785832	1.6171552765359052
60.29654036243822	1.6068755571406201
60.31301482701812	1.5967912637703752
60.32948929159802	1.5866241674140174
60.34596375617792	1.576769852623354
60.362438220757824	1.5675752024919059
60.378912685337724	1.5583519203646625
60.395387149917624	1.549017757386292
60.411861614497525	1.5399889561154858
60.428336079077425	1.5306699423890542
60.44481054365733	1.5213641939151505
60.46128500823723	1.5120613754080232
60.477759472817134	1.5029393117573386
60.494233937397034	1.4941196355046755
60.510708401976935	1.4855006705157756
60.527182866556835	1.4773078121475771
60.543657331136735	1.469241296389602
60.56013179571664	1.4610756809296643
60.57660626029654	1.4528299680622543
60.593080724876444	1.4445667435062386
60.609555189456344	1.4362095647124125
60.626029654036245	1.4282386569368393
60.642504118616145	1.4207269583453979
60.658978583196046	1.4135766836611
60.675453047775946	1.4061159762230195
60.691927512355846	1.3979848832991835
60.70840197693575	1.3894565987656908
60.72487644151565	1.3814239257247765
60.74135090609555	1.3738802533123713
60.757825370675455	1.3670469827574347
60.774299835255356	1.3600852917799489
60.790774299835256	1.3529675089030173
60.80724876441516	1.345633154478232
60.82372322899506	1.3380059423434023
60.84019769357496	1.3307536635145798
60.85667215815486	1.3237504460004226
60.87314662273476	1.3167291635049656
60.889621087314666	1.3095248564068853
60.906095551894566	1.3028648590169838
60.92257001647447	1.2965292760522227
60.93904448105437	1.2908152176912342
60.95551894563427	1.2843416011735815
60.97199341021417	1.2770781488063063
60.98846787479407	1.2697642976623205
61.00494233937397	1.2633668801046205
61.02141680395387	1.25771093846793
61.03789126853377	1.2515576837525793
61.05436573311367	1.2449657739441322
61.07084019769357	1.2386054614439501
61.08731466227348	1.2324506463496518
61.10378912685338	1.2260122250002052
61.12026359143328	1.2197189159184283
61.13673805601318	1.2140905530857942
61.15321252059308	1.209444064711777
61.16968698517298	1.2037235602117244
61.18616144975288	1.1968670830053203
61.20263591433279	1.1909107440248967
61.21911037891269	1.1863190275803568
61.23558484349259	1.1807822715578773
61.25205930807249	1.1744524503946405
61.26853377265239	1.1683178989125926
61.28500823723229	1.163583202744416
61.30148270181219	1.1584719945999524
61.31795716639209	1.1528982441183901
61.33443163097199	1.1474363613374814
61.35090609555189	1.1417347298270148
61.36738056013179	1.1363949995345004
61.38385502471169	1.1319950327751713
61.40032948929159	1.1275088593120142
61.4168039538715	1.121516910576599
61.4332784184514	1.1163592304874943
61.4497528830313	1.1126130327271553
61.4662273476112	1.107556933223302
61.4827018121911	1.1012399898381184
61.499176276771	1.0965790658596617
61.5156507413509	1.0927534018313199
61.53212520593081	1.0873298120533563
61.54859967051071	1.0823037567904787
61.56507413509061	1.0777114878401584
61.58154859967051	1.0727906843207478
61.59802306425041	1.0684297755486172
61.61449752883031	1.0634378277869665
61.63097199341021	1.0584420494749103
61.647446457990114	1.0549991040902276
61.663920922570014	1.0503442181513214
61.680395387149915	1.045038500709359
61.696869851729815	1.0418712294226726
61.713344316309716	1.037383084051193
61.72981878088962	1.032021772161356
61.74629324546952	1.0286852559011659
61.762767710049424	1.0241447570985938
61.779242174629324	1.0190093619920066
61.795716639209225	1.0156165663187695
61.812191103789125	1.011401803945078
61.828665568369026	1.007135587594376
61.845140032948926	1.0023374258162474
61.861614497528834	0.9984975339664064
61.878088962108734	0.9943244060971854
61.894563426688634	0.9898068250616283
61.911037891268535	0.9869751273145325
61.927512355848435	0.9822898272736734
61.943986820428336	0.9776269734747659
61.960461285008236	0.9749166532189234
61.97693574958814	0.9696760244813499
61.99341021416804	0.9661295811476781
62.00988467874794	0.9622676343826825
62.02635914332784	0.957699393003648
62.04283360790774	0.9541864859532198
62.059308072487646	0.9502463444495569
62.075782537067546	0.9463909886225408
62.09225700164745	0.9427302330463756
62.10873146622735	0.9394566529065493
62.12520593080725	0.9348619769529529
62.14168039538715	0.9320195602615338
62.15815485996705	0.9275803625835972
62.174629324546956	0.9243990046168746
62.191103789126856	0.9214982947335766
62.20757825370676	0.9171134974149319
62.22405271828666	0.9146742901194176
62.24052718286656	0.910060686562533
62.25700164744646	0.9074687836860663
62.27347611202636	0.9038437198930515
62.28995057660626	0.9005674337796835
62.30642504118616	0.8970663642558543
62.32289950576606	0.8936078877556726
62.33937397034596	0.8906790197386888
62.35584843492586	0.8877540917151913
62.37232289950577	0.8838624777338489
62.38879736408567	0.8812536955590116
62.40527182866557	0.877089378219803
62.42174629324547	0.8747659341598109
62.43822075782537	0.8704073709443532
62.45469522240527	0.8683778246318608
62.47116968698517	0.8644373659078635
62.48764415156507	0.8621021790780818
62.50411861614498	0.8584632627956976
62.52059308072488	0.8556250157781147
62.53706754530478	0.8522265515596289
62.55354200988468	0.84924060966128
62.57001647446458	0.8463454670982125
62.58649093904448	0.8432449194103813
62.60296540362438	0.8405425571671227
62.61943986820428	0.8369227069624315
62.63591433278418	0.8346457453570275
62.65238879736408	0.831080573575464
62.66886326194398	0.8288669817596781
62.68533772652388	0.8249952679333621
62.70181219110379	0.8230430588150581
62.71828665568369	0.8192741455975328
62.73476112026359	0.817045460496897
62.75123558484349	0.8135297974272298
62.76771004942339	0.8114670509114105
62.78418451400329	0.8083105546227889
62.80065897858319	0.8056252126973225
62.8171334431631	0.8028193066219609
62.833607907743	0.8002404018593676
62.8500823723229	0.7971087777048164
62.8665568369028	0.795142052633226
62.8830313014827	0.7915442585732427
62.8995057660626	0.7898320848322978
62.915980230642504	0.7862289832990729
62.932454695222404	0.7843502609928158
62.948929159802304	0.7816605112367753
62.965403624382205	0.778781338710828
62.981878088962105	0.7768393066761023
62.998352553542006	0.7734183310409447
63.014827018121906	0.7714097011072274
63.031301482701814	0.7686938800918475
63.047775947281714	0.7662352266613858
63.064250411861615	0.7640946150456002
63.080724876441515	0.7618839501647183
63.097199341021415	0.7589715504214576
63.113673805601316	0.7564421581377
63.130148270181216	0.7543909025995232
63.146622734761124	0.7513940611071801
63.163097199341024	0.7495814205871864
63.179571663920925	0.7467829106451251
63.196046128500825	0.7441647197376747
63.212520593080725	0.7428381288515231
63.228995057660626	0.7397465353982695
63.245469522240526	0.7379213816376737
63.26194398682043	0.7356079181419409
63.27841845140033	0.7328929020758082
63.29489291598023	0.7307697116310049
63.31136738056013	0.7284182692047582
63.32784184514003	0.726318288240862
63.344316309719936	0.7239635418823073
63.360790774299836	0.7216267959984336
63.37726523887974	0.7196842713410595
63.39373970345964	0.7168266122489981
63.41021416803954	0.7145910746172363
63.42668863261944	0.7132467153371786
63.44316309719934	0.7106373879671176
63.459637561779246	0.7083481816274105
63.47611202635915	0.7067569617913789
63.49258649093905	0.7045067577710624
63.50906095551895	0.702237763357371
63.52553542009885	0.7004940238148488
63.54200988467875	0.6980074823322856
63.55848434925865	0.6961656292499621
63.57495881383855	0.6938684096578055
63.59143327841845	0.6912962984223416
63.60790774299835	0.6896116476670823
63.62438220757825	0.687790518911221
63.64085667215815	0.6851452337315777
63.65733113673805	0.6835067199173644
63.67380560131796	0.6818778250209051
63.69028006589786	0.679316324865799
63.70675453047776	0.6772649901539716
63.72322899505766	0.6755921405315332
63.73970345963756	0.6739291070178755
63.75617792421746	0.6714216422213204
63.77265238879736	0.6691581627902434
63.78912685337727	0.6673759727425166
63.80560131795717	0.6654314450555654
63.82207578253707	0.6635538380741846
63.83855024711697	0.6620148358865224
63.85502471169687	0.6597342850709135
63.87149917627677	0.6580451040266001
63.88797364085667	0.6562383612647047
63.90444810543657	0.6551157137943848
63.92092257001647	0.6530328264682728
63.93739703459637	0.651085394955441
63.95387149917627	0.6495701028229669
63.97034596375617	0.6482597434476028
63.98682042833608	0.6467492073806151
64.00329489291597	0.6446520230393571
64.01976935749587	0.642734285543766
64.03624382207579	0.6410735576684388
64.05271828665568	0.6394350200041563
64.06919275123559	0.6375323102098237
64.08566721581549	0.6361055132763029
64.10214168039539	0.634917421241822
64.11861614497529	0.6332925367936018
64.13509060955519	0.6308868190986905
64.15156507413509	0.6288721633042473
64.16803953871499	0.6273712274149791
64.1845140032949	0.6261277744628645
64.2009884678748	0.6242112906360554
64.2174629324547	0.622486001969631
64.2339373970346	0.6204719850060791
64.2504118616145	0.6186006394372999
64.2668863261944	0.617205063773753
64.2833607907743	0.6153201138880007
64.2998352553542	0.6138504094626314
64.3163097199341	0.611884281060895
64.332784184514	0.610774680054231
64.34925864909391	0.6096993464624539
64.3657331136738	0.608025273781028
64.38220757825371	0.6064932972568664
64.39868204283361	0.6047260678466316
64.41515650741351	0.6030098144877186
64.43163097199341	0.6011764924526695
64.44810543657331	0.599765801485211
64.46457990115321	0.5986235464250413
64.48105436573312	0.5972781303115854
64.49752883031302	0.5956681555394459
64.51400329489292	0.5943460397027511
64.53047775947282	0.5928954498942338
64.54695222405272	0.5913859514265086
64.56342668863262	0.5899621469896879
64.57990115321252	0.5890001471462357
64.59637561779242	0.5874757907027698
64.61285008237232	0.5859888498992294
64.62932454695222	0.5842980746345492
64.64579901153212	0.5828214057795209
64.66227347611202	0.5813001325677885
64.67874794069192	0.5795210089311893
64.69522240527183	0.5783879701849242
64.71169686985174	0.5768585691415553
64.72817133443164	0.5757342334300262
64.74464579901154	0.5743803914121769
64.76112026359144	0.5732801099592811
64.77759472817134	0.571778470038377
64.79406919275124	0.570641485784271
64.81054365733114	0.5691011680632889
64.82701812191104	0.5678746590105096
64.84349258649094	0.5661384253751409
64.85996705107084	0.5649004295634137
64.87644151565074	0.5634987858755375
64.89291598023064	0.5622380440150224
64.90939044481054	0.5607931635227271
64.92586490939044	0.5595628210672411
64.94233937397034	0.5583220771280871
64.95881383855024	0.557102660872901
64.97528830313014	0.5556493015297715
64.99176276771004	0.554313508890972
65.00823723228996	0.5531295911404425
65.02471169686984	0.5518831811717544
65.04118616144976	0.550794898327512
65.05766062602966	0.549136617873979
65.07413509060956	0.5477702481877932
65.09060955518946	0.5464960695600777
65.10708401976936	0.5454278301894433
65.12355848434926	0.5441802820811289
65.14003294892916	0.5428214764885252
65.15650741350906	0.5414722432012414
65.17298187808896	0.5406038943413682
65.18945634266886	0.5390577847880064
65.20593080724876	0.5379030409435275
65.22240527182866	0.536526890026693
65.23887973640856	0.5353976437432523
65.25535420098846	0.5339293523316556
65.27182866556836	0.5324644663305711
65.28830313014826	0.5311708622571805
65.30477759472817	0.5302721509126191
65.32125205930808	0.5286965304373368
65.33772652388797	0.5280381892525924
65.35420098846788	0.5268474585802586
65.37067545304778	0.525727553713643
65.38714991762768	0.5246794088174187
65.40362438220758	0.5234002735716621
65.42009884678748	0.5219071646423091
65.43657331136738	0.5204588771818748
65.45304777594728	0.5193940591714655
65.46952224052718	0.5184059070054206
65.48599670510708	0.5174376252144917
65.50247116968698	0.5160309047743401
65.51894563426688	0.5149462669732111
65.53542009884679	0.5137285403946242
65.55189456342669	0.5125571595452615
65.56836902800659	0.5115080772030134
65.58484349258649	0.5105029200659202
65.60131795716639	0.510061571282786
65.61779242174629	0.5091257812943188
65.63426688632619	0.5077967755847046
65.65074135090609	0.5069943806084485
65.667215815486	0.5055003807502987
65.6836902800659	0.504466736732377
65.7001647446458	0.5034214974332363
65.7166392092257	0.5029195309543222
65.7331136738056	0.5022286086835356
65.7495881383855	0.5013924920443715
65.7660626029654	0.5004593593830768
65.7825370675453	0.4991661927056792
65.7990115321252	0.498459347609983
65.8154859967051	0.4972645320241734
65.83196046128501	0.496205034132449
65.84843492586491	0.49520381041057693
65.86490939044481	0.4942825328632526
65.88138385502471	0.4936691851401626
65.89785831960461	0.4928404182216509
65.91433278418451	0.4918672560213602
65.93080724876441	0.49049506501954765
65.94728171334431	0.48940826115932273
65.96375617792421	0.4887969408243719
65.98023064250413	0.48783460295282527
65.99670510708401	0.4866684839776431
66.01317957166393	0.4855720379471095
66.02965403624383	0.48451751811257837
66.04612850082373	0.4832224140190514
66.06260296540363	0.48181215420882545
66.07907742998353	0.4806819894458673
66.09555189456343	0.4802625617177003
66.11202635914333	0.4794899720690811
66.12850082372323	0.47811157903803664
66.14497528830313	0.4771451473888849
66.16144975288303	0.4762213233886266
66.17792421746293	0.4754837012420259
66.19439868204283	0.4744262582158459
66.21087314662273	0.4729686766305465
66.22734761120263	0.47216559142255005
66.24382207578253	0.4714731039550301
66.26029654036243	0.47032949385951917
66.27677100494233	0.4695647866958167
66.29324546952225	0.4684594506035786
66.30971993410213	0.4673151861043877
66.32619439868205	0.4665640705331128
66.34266886326193	0.46567866789873164
66.35914332784185	0.4647305338994963
66.37561779242175	0.4635029212769031
66.39209225700165	0.4630927266180838
66.40856672158155	0.4626549710241199
66.42504118616145	0.4609909786090507
66.44151565074135	0.4599133039859658
66.45799011532125	0.4595907605353915
66.47446457990115	0.45856294452359897
66.49093904448105	0.4575199558738856
66.50741350906095	0.45677125127709317
66.52388797364085	0.4559097580347559
66.54036243822075	0.4552363440402017
66.55683690280065	0.4543378562960278
66.57331136738055	0.4532138750748116
66.58978583196046	0.45261008556015964
66.60626029654037	0.4517716371685181
66.62273476112026	0.45071960127623134
66.63920922570017	0.4501848161003357
66.65568369028006	0.4494881033857223
66.67215815485997	0.4485106590099932
66.68863261943987	0.44795766012159366
66.70510708401977	0.44729041662474456
66.72158154859967	0.4463563463189952
66.73805601317957	0.4456085705307449
66.75453047775947	0.4449643590788159
66.77100494233937	0.4444228162861921
66.78747940691927	0.44337785878111663
66.80395387149917	0.44250051380145744
66.82042833607908	0.4420354288235708
66.83690280065898	0.4407975219572873
66.85337726523888	0.44014389781652713
66.86985172981878	0.4394052817947592
66.88632619439868	0.4382041353441052
66.90280065897858	0.43784803411919815
66.91927512355849	0.43692768672797094
66.93574958813838	0.4361599481737054
66.9522240527183	0.4354654676689385
66.96869851729818	0.43436888875589436
66.9851729818781	0.43379097970423847
67.001647446458	0.4329484320942272
67.0181219110379	0.4321707291236926
67.0345963756178	0.43129559603499595
67.0510708401977	0.4308265998924726
67.0675453047776	0.4299165767173686
67.0840197693575	0.42916858046820244
67.1004942339374	0.42813519284257323
67.1169686985173	0.4274196120685747
67.1334431630972	0.4271142300614701
67.1499176276771	0.42589611303750013
67.166392092257	0.42583892732076284
67.1828665568369	0.42484218770636856
67.1993410214168	0.42432524760422
67.2158154859967	0.4235225017448902
67.2322899505766	0.4227672273347798
67.2487644151565	0.42218170808410777
67.26523887973642	0.42142719673571555
67.2817133443163	0.4207221444804265
67.29818780889622	0.42041513921748114
67.31466227347612	0.4194222562922032
67.33113673805602	0.4189484762031965
67.34761120263592	0.4180706052888214
67.36408566721582	0.4178877376773291
67.38056013179572	0.4167481045679583
67.39703459637562	0.4160819603657216
67.41350906095552	0.4154579293017347
67.42998352553542	0.4151074191559182
67.44645799011532	0.41423099671818336
67.46293245469522	0.41367973768530564
67.47940691927512	0.4129017421155332
67.49588138385502	0.41220114320215195
67.51235584843492	0.4117098848678993
67.52883031301482	0.41103993309950904
67.54530477759472	0.41041979957107055
67.56177924217462	0.40958863632743686
67.57825370675454	0.4089344831129257
67.59472817133442	0.40812482985385584
67.61120263591434	0.4075459331926153
67.62767710049422	0.40642752780544616
67.64415156507414	0.4060885738196096
67.66062602965404	0.4051679188221069
67.67710049423394	0.40482563684492473
67.69357495881384	0.4034585469286581
67.71004942339374	0.40310187025631516
67.72652388797364	0.4025018358725303
67.74299835255354	0.40191704409269985
67.75947281713344	0.4013021725959564
67.77594728171334	0.40053019629671105
67.79242174629324	0.3999577671257312
67.80889621087314	0.39947052738889527
67.82537067545304	0.3985388001188368
67.84184514003294	0.39801820122881226
67.85831960461284	0.3968727473634586
67.87479406919275	0.396583586788212
67.89126853377266	0.39593723865782665
67.90774299835255	0.3953569827073487
67.92421746293246	0.39472418323615166
67.94069192751235	0.39398679440207673
67.95716639209226	0.3937861256081489
67.97364085667216	0.3929560568458758
67.99011532125206	0.39224076060338836
68.00658978583196	0.3915341637478286
68.02306425041186	0.391465411751224
68.03953871499176	0.3906393653985815
68.05601317957166	0.39016174327831005
68.07248764415156	0.38943248147817694
68.08896210873147	0.388586568796262
68.10543657331137	0.38835059779558545
68.12191103789127	0.3872072718159769
68.13838550247117	0.38671742951354465
68.15485996705107	0.38627795242035
68.17133443163097	0.385560138760494
68.18780889621087	0.3852026957772437
68.20428336079078	0.3847284981040742
68.22075782537067	0.38376019271615824
68.23723228995058	0.3829777761363487
68.25370675453047	0.38270536921394044
