50.2	0.1819419055266751
50.21683501683502	0.18245141450704624
50.23367003367004	0.18314301751338818
50.250505050505055	0.18338685826829781
50.26734006734007	0.1836481411014405
50.28417508417509	0.18406695012392552
50.30101010101011	0.18443165532053807
50.317845117845124	0.18488674894154283
50.334680134680134	0.18511312816430084
50.35151515151515	0.1854457586123213
50.36835016835017	0.18585312783191862
50.385185185185186	0.18642136374641238
50.4020202020202	0.18708251550841545
50.41885521885522	0.18759101449350296
50.43569023569024	0.18798675842440604
50.452525252525255	0.1884197507363479
50.46936026936027	0.18868540941130604
50.48619528619529	0.18926763363957957
50.50303030303031	0.19000232977995887
50.519865319865325	0.19050568205049956
50.53670033670034	0.19119103962190473
50.55353535353536	0.1913796936567027
50.57037037037038	0.1916255752881484
50.58720538720539	0.19197401834375974
50.604040404040404	0.19229294535117492
50.62087542087542	0.19273871236861076
50.63771043771044	0.19314043853893884
50.654545454545456	0.19343101054206002
50.67138047138047	0.19392644974975393
50.68821548821549	0.19447951644699707
50.70505050505051	0.19511235819845196
50.721885521885525	0.19569024834818102
50.73872053872054	0.19614962642236733
50.75555555555556	0.1964644580196955
50.77239057239058	0.19708924769409952
50.789225589225595	0.19764489878636649
50.80606060606061	0.19845659014819786
50.82289562289563	0.19878694059298618
50.83973063973064	0.1989939385336835
50.85656565656566	0.19932783570446658
50.873400673400674	0.1998744903444006
50.89023569023569	0.20048584218171608
50.90707070707071	0.20083616384499722
50.923905723905726	0.20122071333375768
50.94074074074074	0.20167826567385227
50.95757575757576	0.20211637564444462
50.97441077441078	0.20262984908249096
50.991245791245795	0.2031013516265181
51.00808080808081	0.20371471414016432
51.02491582491583	0.20418183625052166
51.04175084175085	0.20444252379427374
51.058585858585865	0.20463069303765624
51.075420875420875	0.2050052176317105
51.09225589225589	0.20578615345977125
51.10909090909091	0.20638281611008039
51.12592592592593	0.20674907481432842
51.142760942760944	0.2070679835992205
51.15959595959596	0.20771904899066582
51.17643097643098	0.20827587973576966
51.193265993265996	0.20877314395410232
51.21010101010101	0.20921709792230955
51.22693602693603	0.20997970752574238
51.24377104377105	0.21070722951535112
51.260606060606065	0.2113668416414739
51.27744107744108	0.21199541864750496
51.2942760942761	0.2124633431764791
51.31111111111112	0.21288115402871813
51.327946127946134	0.21365630251700024
51.344781144781145	0.21418804103181513
51.36161616161616	0.21442637055970293
51.37845117845118	0.21484304463265338
51.3952861952862	0.21565115955496852
51.412121212121214	0.21613376819094873
51.42895622895623	0.2165675067997709
51.44579124579125	0.21696657274601122
51.462626262626266	0.21762716996659545
51.47946127946128	0.21825416397819328
51.4962962962963	0.21880149736382937
51.51313131313132	0.21939739462332808
51.529966329966335	0.22010988426205325
51.54680134680135	0.220497357215967
51.56363636363637	0.2206544408175891
51.58047138047138	0.22116161291772343
51.5973063973064	0.22180307035947058
51.614141414141415	0.2220893441230038
51.63097643097643	0.22286928850756751
51.64781144781145	0.22347622700921602
51.66464646464647	0.22364553419831357
51.681481481481484	0.22431713683269625
51.6983164983165	0.2250703661798041
51.71515151515152	0.22583308928901086
51.731986531986536	0.22632017313392466
51.74882154882155	0.22673593550101065
51.76565656565657	0.22741819537386831
51.78249158249159	0.22801700164871444
51.799326599326605	0.22879756606463056
51.81616161616162	0.22948770673865473
51.83299663299663	0.22971057960990895
51.84983164983165	0.2305801794042453
51.86666666666667	0.2308974877915363
51.883501683501684	0.23175555013137147
51.9003367003367	0.2327115644367221
51.91717171717172	0.2330508902641997
51.934006734006736	0.23393182194539835
51.950841750841754	0.2344542942601652
51.96767676767677	0.23503368686157064
51.98451178451179	0.2354956025687897
52.001346801346806	0.23613593387272233
52.01818181818182	0.236969689222762
52.03501683501684	0.23756601979418177
52.05185185185186	0.23816596621322286
52.068686868686875	0.2386567508436062
52.085521885521885	0.2398590782297821
52.1023569023569	0.24033584141158074
52.11919191919192	0.2411897925924234
52.13602693602694	0.24145205076903037
52.152861952861954	0.24212906023981273
52.16969696969697	0.24309390121586208
52.18653198653199	0.24359718528961574
52.203367003367006	0.24434562060669776
52.220202020202024	0.2447482799391216
52.23703703703704	0.24546652153148302
52.25387205387206	0.24639272888020394
52.270707070707076	0.24670400038811707
52.28754208754209	0.24755959427386548
52.30437710437711	0.24841683466696257
52.32121212121213	0.24920544688236815
52.33804713804714	0.2499511997298757
52.354882154882155	0.2502393793983234
52.37171717171717	0.2510922944835034
52.38855218855219	0.2518295253775694
52.40538720538721	0.25268703273781157
52.422222222222224	0.25315508834952843
52.43905723905724	0.2542175243814001
52.45589225589226	0.2548068710179796
52.472727272727276	0.25565361010433446
52.48956228956229	0.25647884520110065
52.50639730639731	0.2572165009915745
52.52323232323233	0.2579855671415238
52.540067340067345	0.25844133404847613
52.55690235690236	0.25954687464482445
52.57373737373737	0.2599673457574211
52.59057239057239	0.2608527142338606
52.60740740740741	0.2618515090369432
52.624242424242425	0.262897139776223
52.64107744107744	0.26338623599432587
52.65791245791246	0.2640615833581613
52.67474747474748	0.26558473572406105
52.691582491582494	0.2663224635473258
52.70841750841751	0.2670801846356564
52.72525252525253	0.2679805426411012
52.742087542087546	0.26885266569746524
52.75892255892256	0.26950468414303624
52.77575757575758	0.269974142175713
52.7925925925926	0.2711236552353201
52.809427609427615	0.27187638339512127
52.82626262626263	0.272439974228093
52.84309764309764	0.2734620966885446
52.85993265993266	0.27397097741399334
52.87676767676768	0.2752439122923464
52.893602693602695	0.2759028315782086
52.91043771043771	0.27701702724264693
52.92727272727273	0.27758926261211725
52.94410774410775	0.27829099762677745
52.960942760942764	0.27925290672915765
52.97777777777778	0.2800885603549291
52.9946127946128	0.28115323788718827
53.011447811447816	0.28187687165251235
53.02828282828283	0.28283172669646095
53.04511784511785	0.283856093722468
53.06195286195287	0.2849926742453302
53.07878787878788	0.28571194943876954
53.095622895622895	0.28662132751890174
53.11245791245791	0.288068493025284
53.12929292929293	0.2881823931066295
53.14612794612795	0.28950342491374137
53.162962962962965	0.2908040030910013
53.17979797979798	0.29107739559915663
53.196632996633	0.2921993656815866
53.21346801346802	0.2931793445299294
53.230303030303034	0.29368128267625215
53.24713804713805	0.2947533555206172
53.26397306397307	0.29611440207656103
53.280808080808086	0.29674159050080856
53.2976430976431	0.2976162912312546
53.31447811447812	0.2988057957109645
53.33131313131313	0.299653908915855
53.34814814814815	0.30035837969138374
53.364983164983165	0.3014659835010966
53.38181818181818	0.3024608893720524
53.3986531986532	0.3031140732736797
53.41548821548822	0.3040101543866308
53.432323232323235	0.30535984454850734
53.44915824915825	0.3061604709756744
53.46599326599327	0.3069579403760419
53.48282828282829	0.3081532064409693
53.499663299663304	0.30895913889875926
53.51649831649832	0.3102539028023079
53.53333333333334	0.31140957829398674
53.550168350168356	0.3122542954031247
53.567003367003366	0.31382446752167864
53.58383838383838	0.3149448434721165
53.6006734006734	0.31551291115801167
53.61750841750842	0.3172744707035598
53.634343434343435	0.31834593149934626
53.65117845117845	0.3192121936282621
53.66801346801347	0.3206079611107049
53.68484848484849	0.3216099130290899
53.701683501683505	0.3230196742499694
53.71851851851852	0.324065868739948
53.73535353535354	0.3248839348786301
53.75218855218856	0.3266572827383173
53.769023569023574	0.32746495093021033
53.78585858585859	0.32878869923595855
53.80269360269361	0.3303262963781557
53.819528619528626	0.3310825246836946
53.836363636363636	0.33251850041060443
53.85319865319865	0.33360432041770866
53.87003367003367	0.3351024860346423
53.88686868686869	0.33635603106660233
53.903703703703705	0.3372183511872181
53.92053872053872	0.33842708997219434
53.93737373737374	0.33968268926902995
53.95420875420876	0.3411980115433377
53.971043771043774	0.34217155730208815
53.98787878787879	0.3434157910460633
54.00471380471381	0.3447497123086018
54.021548821548826	0.3457220575448617
54.038383838383844	0.34721452728094604
54.05521885521886	0.348271419972326
54.07205387205387	0.3503231395043323
54.08888888888889	0.35135802683299905
54.105723905723906	0.3527407015125767
54.12255892255892	0.35402781833000824
54.13939393939394	0.3550555026893745
54.15622895622896	0.35728580473606164
54.173063973063975	0.35797663287879833
54.18989898989899	0.3601458859380975
54.20673400673401	0.3611548667654722
54.22356902356903	0.36257799619223724
54.240404040404044	0.364528079275725
54.25723905723906	0.36518072641222366
54.27407407407408	0.36769928275609715
54.290909090909096	0.3680538861574485
54.307744107744114	0.3703194584387608
54.32457912457913	0.37180168137194836
54.34141414141414	0.3733822083307905
54.35824915824916	0.37549558781592546
54.375084175084176	0.3762332909703887
54.39191919191919	0.37841258697093644
54.40875420875421	0.37909661660793764
54.42558922558923	0.38138146065138234
54.442424242424245	0.38260469833002414
54.45925925925926	0.3845278015847801
54.47609427609428	0.3865151074722943
54.4929292929293	0.3878106383068651
54.509764309764314	0.38991038854861504
54.52659932659933	0.39133044787907445
54.54343434343435	0.39298729195395915
54.56026936026936	0.3947670536547142
54.57710437710438	0.3961447639098724
54.593939393939394	0.3985073148924056
54.61077441077441	0.3993979136968845
54.62760942760943	0.4016722368308238
54.644444444444446	0.4027173383266126
54.66127946127946	0.4045671944169428
54.67811447811448	0.4063167822201089
54.6949494949495	0.4079667558534113
54.711784511784515	0.4102540476980213
54.72861952861953	0.41177077642295473
54.74545454545455	0.4141896974268028
54.76228956228957	0.41536488878495875
54.779124579124584	0.4177504495490793
54.7959595959596	0.4191464609550354
54.81279461279462	0.42126005869031613
54.829629629629636	0.4229233785878332
54.846464646464646	0.42486494330259117
54.863299663299664	0.4267128940334328
54.88013468013468	0.42882349796097996
54.8969696969697	0.43088814200035136
54.913804713804716	0.4328687329612763
54.93063973063973	0.43487023050999124
54.94747474747475	0.43705001609662236
54.96430976430977	0.43921622454463627
54.981144781144785	0.44153223505471745
54.9979797979798	0.4438061771062645
55.01481481481482	0.44562730183673016
55.03164983164984	0.44782803210168043
55.048484848484854	0.4498054449187921
55.065319865319864	0.452064673012205
55.08215488215488	0.45396258751201646
55.0989898989899	0.45649327173157733
55.115824915824916	0.45856075131724044
55.132659932659934	0.46093421832570974
55.14949494949495	0.4630396893549046
55.16632996632997	0.4654292943689611
55.183164983164986	0.46764490133317643
55.2	0.46996626325837776
55.21683501683502	0.47238120729902455
55.23367003367004	0.4747040939186385
55.250505050505055	0.47723345797439176
55.26734006734007	0.47967311229089854
55.28417508417509	0.4822810484688301
55.30101010101011	0.4846997942581205
55.317845117845124	0.48724479642179613
55.33468013468014	0.48948993893616893
55.35151515151515	0.4921980546056519
55.36835016835017	0.49457002913758036
55.385185185185186	0.4972410217469874
55.4020202020202	0.4999475854642744
55.41885521885522	0.502641075977567
55.43569023569024	0.505536606532087
55.452525252525255	0.5084713824537769
55.46936026936027	0.5114250977605131
55.48619528619529	0.5141781363289364
55.50303030303031	0.5167644366921967
55.519865319865325	0.5195675700325821
55.53670033670034	0.5222174676311901
55.55353535353536	0.5252198149824581
55.57037037037037	0.5280921152084093
55.58720538720539	0.5312626677231412
55.604040404040404	0.5341111326836256
55.62087542087542	0.5367600667537333
55.63771043771044	0.539783503707688
55.654545454545456	0.5427687102634495
55.67138047138047	0.5464577405548887
55.68821548821549	0.5498266715957316
55.70505050505051	0.5529297940458414
55.721885521885525	0.5561446188675851
55.73872053872054	0.5589107457432262
55.75555555555556	0.562542887719995
55.77239057239058	0.5657839183762119
55.789225589225595	0.5691282061147193
55.80606060606061	0.5721855516256658
55.82289562289563	0.5755187643599132
55.83973063973064	0.5793343680726043
55.85656565656566	0.5830920754174033
55.873400673400674	0.5869668011870138
55.89023569023569	0.5901281108394574
55.90707070707071	0.5935753516985075
55.923905723905726	0.5974515029332819
55.94074074074074	0.6016246689593582
55.95757575757576	0.6056867800661851
55.97441077441078	0.6093014773800255
55.991245791245795	0.6129422668333622
56.00808080808081	0.6170357412231867
56.02491582491583	0.6208860341759354
56.04175084175085	0.6248284856544852
56.05858585858586	0.6287724283970411
56.075420875420875	0.6333958226460028
56.09225589225589	0.6378033362402822
56.10909090909091	0.64138828320807
56.12592592592593	0.6453784567419794
56.142760942760944	0.6503730872321279
56.15959595959596	0.655157436197134
56.17643097643098	0.6590834736298852
56.193265993265996	0.6635593728284594
56.21010101010101	0.6683711284900585
56.22693602693603	0.673695506806701
56.24377104377105	0.6782092540716386
56.260606060606065	0.682908479175245
56.27744107744108	0.6881200258995606
56.2942760942761	0.6930789397357281
56.31111111111112	0.6982031226558452
56.327946127946134	0.7040977740963478
56.344781144781145	0.7089958977719399
56.36161616161616	0.7139659800938136
56.37845117845118	0.7199781139410065
56.3952861952862	0.7260296722166988
56.412121212121214	0.7309841995041266
56.42895622895623	0.7362569856507508
56.44579124579125	0.7427947180580168
56.462626262626266	0.7485781902209804
56.47946127946128	0.7538582102783958
56.4962962962963	0.7603436613422216
56.51313131313132	0.7665843796440713
56.529966329966335	0.7726381966597751
56.54680134680135	0.7792749329002965
56.56363636363636	0.7851794872851435
56.58047138047138	0.7918423302989777
56.5973063973064	0.798717606375473
56.614141414141415	0.8045182183073127
56.63097643097643	0.8114520615618014
56.64781144781145	0.8189435318096899
56.66464646464647	0.8248155177161262
56.681481481481484	0.8324728939069254
56.6983164983165	0.8402063469483514
56.71515151515152	0.8466790696032015
56.731986531986536	0.85438101576232
56.74882154882155	0.8620254467185389
56.76565656565657	0.869609652237942
56.78249158249159	0.877772517820084
56.799326599326605	0.885500028054204
56.81616161616162	0.8939650396175175
56.83299663299664	0.902064632252427
56.84983164983165	0.9104041340101711
56.86666666666667	0.9196814274820094
56.883501683501684	0.9274097384332924
56.9003367003367	0.937155787542262
56.91717171717172	0.9463027549920369
56.934006734006736	0.9545451067665527
56.950841750841754	0.9650539535141416
56.96767676767677	0.9735475052071727
56.98451178451179	0.9834742789727771
57.001346801346806	0.9933172727155196
57.01818181818182	1.0030474675195247
57.03501683501684	1.0129051673932383
57.05185185185186	1.022926594468755
57.06868686868687	1.0338062514673432
57.085521885521885	1.043743856791971
57.1023569023569	1.0555173488761758
57.11919191919192	1.0653254932925036
57.13602693602694	1.0778063248438234
57.152861952861954	1.0881999158388138
57.16969696969697	1.0996852356724027
57.18653198653199	1.1117352638093798
57.203367003367006	1.1229290850748797
57.220202020202024	1.1357497698036667
57.23703703703704	1.1466332312953778
57.25387205387206	1.1600303672704424
57.270707070707076	1.172245868650431
57.28754208754209	1.1850775426090454
57.30437710437711	1.197670767061593
57.32121212121213	1.2115997746953198
57.33804713804714	1.2243626782075696
57.354882154882155	1.2384997249051128
57.37171717171717	1.2513840452645097
57.38855218855219	1.266970586648349
57.40538720538721	1.279130889690249
57.422222222222224	1.2951195953502637
57.43905723905724	1.30771420465476
57.45589225589226	1.3241877244293125
57.472727272727276	1.337202745269986
57.48956228956229	1.3534247302405877
57.50639730639731	1.3671235435761182
57.52323232323233	1.3830438291947733
57.540067340067345	1.398140646255957
57.556902356902356	1.4131098384296987
57.57373737373737	1.4286541487228706
57.59057239057239	1.4434386373804198
57.60740740740741	1.4606159084521069
57.624242424242425	1.4745085112512584
57.64107744107744	1.4920410327072682
57.65791245791246	1.5053476888997488
57.67474747474748	1.523393790128991
57.691582491582494	1.5376692034292119
57.70841750841751	1.5546641681627165
57.72525252525253	1.568735947233587
57.742087542087546	1.5851808937195118
57.75892255892256	1.601603484663729
57.77575757575758	1.616252108718935
57.7925925925926	1.6321780530859231
57.809427609427615	1.6467651210544778
57.82626262626263	1.6625222757517628
57.84309764309764	1.6794694281001434
57.85993265993266	1.692421066013527
57.87676767676768	1.7088526531240562
57.893602693602695	1.7224811537878921
57.91043771043771	1.7388602842113
57.92727272727273	1.7548191427554949
57.94410774410775	1.7666330846424365
57.960942760942764	1.7838604627583183
57.97777777777778	1.795665864795118
57.9946127946128	1.8117490281342121
58.011447811447816	1.8258188248857634
58.02828282828283	1.8383542682498586
58.04511784511785	1.8528776826512754
58.06195286195286	1.8665202462697819
58.07878787878788	1.8794972894495345
58.095622895622895	1.8932444178905565
58.11245791245791	1.9074385195220624
58.12929292929293	1.9182701217096307
58.14612794612795	1.933680280311202
58.162962962962965	1.9438121564613087
58.17979797979798	1.9558870375803497
58.196632996633	1.971140416375259
58.21346801346802	1.980639587152648
58.230303030303034	1.993544514174118
58.24713804713805	2.005340627111478
58.26397306397307	2.013713669334197
58.280808080808086	2.027247429497804
58.2976430976431	2.0384192305239726
58.31447811447812	2.0494443653156433
58.33131313131314	2.0586627112224996
58.348148148148155	2.068923742303027
58.364983164983165	2.0792460432559907
58.38181818181818	2.087679617615595
58.3986531986532	2.098621116379806
58.41548821548822	2.1097799599624514
58.432323232323235	2.115054068843174
58.44915824915825	2.1241440323371257
58.46599326599327	2.134783015924678
58.48282828282829	2.1397446870385237
58.499663299663304	2.149128112689551
58.51649831649832	2.15751282927881
58.53333333333334	2.1641457024510142
58.55016835016835	2.169874518627485
58.567003367003366	2.1769319907109357
58.58383838383838	2.1829308969339056
58.6006734006734	2.1894882934063915
58.61750841750842	2.1932393750151444
58.634343434343435	2.1976854395121728
58.65117845117845	2.203898961244023
58.66801346801347	2.2086389122854206
58.68484848484849	2.2092116047657644
58.701683501683505	2.2135754353487958
58.71851851851852	2.2178085220526413
58.73535353535354	2.217578031997634
58.75218855218856	2.2162539885517765
58.769023569023574	2.2193801057647087
58.78585858585859	2.2200742270949947
58.80269360269361	2.218569791052816
58.819528619528626	2.216823723623628
58.83636363636364	2.2134648756714643
58.85319865319865	2.209388472513731
58.87003367003367	2.2042507262711792
58.88686868686869	2.1993872412084476
58.903703703703705	2.1914207997562434
58.92053872053872	2.182532465756681
58.93737373737374	2.1745245485728595
58.95420875420876	2.165653551147523
58.971043771043774	2.152258597445745
58.98787878787879	2.1363694313926263
59.00471380471381	2.1211317447301052
59.021548821548826	2.1072841760191094
59.03838383838384	2.0895224323913797
59.055218855218854	2.0692731795887362
59.07205387205387	2.048529260892467
59.08888888888889	2.0283431857524166
59.105723905723906	2.0051495110173665
59.12255892255892	1.9806859409939033
59.13939393939394	1.9555272572002023
59.15622895622896	1.9318200051500332
59.173063973063975	1.9068372446730621
59.18989898989899	1.879153225640936
59.20673400673401	1.8516342606087832
59.22356902356903	1.825976655502038
59.240404040404044	1.8012126855969388
59.25723905723906	1.7747436852185208
59.27407407407408	1.7475840182540743
59.290909090909096	1.7208597785131352
59.307744107744114	1.6952630462314224
59.32457912457913	1.6719110380173117
59.34141414141415	1.6487387922092307
59.35824915824916	1.6252691254907912
59.375084175084176	1.6027873789154627
59.39191919191919	1.5817470098841442
59.40875420875421	1.56256028004718
59.42558922558923	1.5437306846235577
59.442424242424245	1.524823370973323
59.45925925925926	1.5063576377195376
59.47609427609428	1.4883826450949702
59.4929292929293	1.47103222321109
59.509764309764314	1.4550914965045536
59.52659932659933	1.4399412813503514
59.54343434343434	1.4250614448701495
59.56026936026936	1.4100022883427266
59.57710437710438	1.3952137396786364
59.593939393939394	1.3805286160455899
59.61077441077441	1.3663305107566646
59.62760942760943	1.3528679766824383
59.644444444444446	1.3398241538211808
59.66127946127946	1.326783154009388
59.67811447811448	1.3136561681347023
59.6949494949495	1.3005437968249507
59.711784511784515	1.2875019412097932
59.72861952861953	1.274620019829554
59.74545454545455	1.2622901616488236
59.76228956228957	1.2499738757179653
59.779124579124584	1.2381113230261314
59.7959595959596	1.2263371653765112
59.81279461279462	1.21511754143184
59.829629629629636	1.20410173346391
59.84646464646465	1.193159022370773
59.863299663299664	1.1825631058964508
59.88013468013468	1.171711877337316
59.8969696969697	1.1611187026833445
59.913804713804716	1.1505391221078327
59.93063973063973	1.1399684667466252
59.94747474747475	1.129895644939741
59.96430976430977	1.1198336544541816
59.981144781144785	1.1101643118963374
59.9979797979798	1.100766855690583
60.01481481481482	1.0913582221322573
60.03164983164984	1.0819860694432102
60.04848484848485	1.0726810710224817
60.065319865319864	1.0637586997477122
60.08215488215488	1.0547556986543771
60.0989898989899	1.046086044289894
60.115824915824916	1.0373084800387735
60.132659932659934	1.0287090413094366
60.14949494949495	1.0204105945268787
60.16632996632997	1.0122306332097535
60.183164983164986	1.0037025323592272
60.2	0.9953218410707582
60.21683501683502	0.98738085123494
60.23367003367004	0.9794594897795881
60.250505050505055	0.9716992801509943
60.26734006734007	0.9640448846340198
60.28417508417509	0.9563643175114841
60.30101010101011	0.9491134549841187
60.317845117845124	0.94206459794827
60.33468013468014	0.9345835381858627
60.35151515151515	0.9273618978486547
60.36835016835017	0.9204333079980301
60.385185185185186	0.9135453061356482
60.4020202020202	0.9065327555614653
60.41885521885522	0.8995324260461319
60.43569023569024	0.8926198225483722
60.452525252525255	0.8860404996335072
60.46936026936027	0.8798102581589641
60.48619528619529	0.8736448225324354
60.50303030303031	0.8674691635069497
60.519865319865325	0.8615182140716291
60.53670033670034	0.8554306305325317
60.55353535353535	0.8492110390360709
60.57037037037037	0.8431739901553439
60.58720538720539	0.8371134928554645
60.604040404040404	0.8314148945447462
60.62087542087542	0.8258068278892162
60.63771043771044	0.8198008653409601
60.654545454545456	0.8138611249287864
60.67138047138047	0.8081916457863878
60.68821548821549	0.8024943339358722
60.70505050505051	0.7971175466332803
60.721885521885525	0.7921483573577768
60.73872053872054	0.7871038389048713
60.75555555555556	0.7819169757173661
60.77239057239058	0.7765623161940272
60.789225589225595	0.771289224369865
60.80606060606061	0.7662392618698588
60.82289562289563	0.7611006854570069
60.83973063973065	0.7560239894031082
60.85656565656566	0.7509772877898397
60.873400673400674	0.7461386070883306
60.89023569023569	0.7413805134708744
60.90707070707071	0.7367302290039864
60.923905723905726	0.7321288057485122
60.94074074074074	0.727357611545487
60.95757575757576	0.7225949292747642
60.97441077441078	0.7182155900923121
60.991245791245795	0.7140566246105
61.00808080808081	0.7096291049730522
61.02491582491583	0.705105874286181
61.04175084175084	0.7005571711388029
61.05858585858586	0.6961954289743448
61.075420875420875	0.69197855795727
61.09225589225589	0.6878533362005952
61.10909090909091	0.6840183948482493
61.12592592592593	0.6802162949926952
61.142760942760944	0.6760253997398697
61.15959595959596	0.6715113822615479
61.17643097643098	0.6674844578676364
61.193265993265996	0.6642198745751099
61.21010101010101	0.6608418267464664
61.22693602693603	0.6567491157869892
61.24377104377105	0.6528081197816069
61.260606060606065	0.6493933690060572
61.27744107744108	0.6457175904259133
61.2942760942761	0.641691780740911
61.31111111111112	0.6379852274021938
61.327946127946134	0.6343760634669539
61.34478114478115	0.6308241922212176
61.36161616161616	0.6276770663712454
61.37845117845118	0.624653874663161
61.3952861952862	0.6209796869321252
61.412121212121214	0.6172022678937582
61.42895622895623	0.6142924564797116
61.44579124579125	0.611166741788175
61.462626262626266	0.6074844334939018
61.47946127946128	0.6042991101089694
61.4962962962963	0.6014284712643756
61.51313131313132	0.5980613905217333
61.529966329966335	0.5944539519747172
61.546801346801345	0.5913371425031105
61.56363636363636	0.5883801238403132
61.58047138047138	0.5853637107728806
61.5973063973064	0.5823721569141294
61.614141414141415	0.5792583064961135
61.63097643097643	0.5766213078041315
61.64781144781145	0.5738424241305552
61.66464646464647	0.570398055940115
61.681481481481484	0.5680217542226008
61.6983164983165	0.5651644067167215
61.71515151515152	0.561644784253551
61.731986531986536	0.5591635898013506
61.74882154882155	0.5568144795523047
61.76565656565657	0.5535494693881121
61.78249158249159	0.5510630073498146
61.799326599326605	0.5483444558091813
61.81616161616162	0.5454512534782286
61.83299663299664	0.5430805345395514
61.84983164983165	0.5406104211807314
61.86666666666667	0.5383901555146752
61.883501683501684	0.5354096795310876
61.9003367003367	0.5329147139483512
61.91717171717172	0.5306365510114793
61.934006734006736	0.5274357768832557
61.950841750841754	0.5254089009573222
61.96767676767677	0.5228145414397731
61.98451178451179	0.5200054058421544
62.001346801346806	0.5181405725279069
62.01818181818182	0.5153302374597177
62.03501683501684	0.5132104167137223
62.05185185185185	0.5108601726889265
62.06868686868687	0.5082782566278594
62.085521885521885	0.5057906179740882
62.1023569023569	0.5036825726382593
62.11919191919192	0.5011046302629751
62.13602693602694	0.49901859903060636
62.152861952861954	0.49706551687601963
62.16969696969697	0.49437066960060416
62.18653198653199	0.4926600416542401
62.203367003367006	0.489919524244922
62.220202020202024	0.48830028385974866
62.23703703703704	0.48631245040410137
62.25387205387206	0.4841448896083968
62.270707070707076	0.4823969085756002
62.28754208754209	0.4801138478627477
62.30437710437711	0.47842941324657345
62.32121212121213	0.4762913584878256
62.338047138047145	0.47412815917598133
62.354882154882155	0.4722131631005389
62.37171717171717	0.47020771746188017
62.38855218855219	0.4685023520073079
62.40538720538721	0.4665437947006044
62.422222222222224	0.4645308053636596
62.43905723905724	0.46271728030653164
62.45589225589226	0.460680813902558
62.472727272727276	0.4590461853322719
62.48956228956229	0.4567646007072552
62.50639730639731	0.455420741767364
62.52323232323233	0.4533789446541035
62.54006734006734	0.4517765914895603
62.556902356902356	0.44976686432560886
62.57373737373737	0.44808670225342895
62.59057239057239	0.4463946278524979
62.60740740740741	0.4447165756453177
62.624242424242425	0.4432165034002702
62.64107744107744	0.44115287256077723
62.65791245791246	0.43970561181329765
62.67474747474748	0.43776736289626916
62.691582491582494	0.4363626675352243
62.70841750841751	0.43429415234444346
62.72525252525253	0.4328563692918261
62.742087542087546	0.4310593567981472
62.75892255892256	0.42951181865421917
62.77575757575758	0.427938878704
62.7925925925926	0.4262689072302483
62.809427609427615	0.4247517985133761
62.82626262626263	0.4230400176494515
62.84309764309765	0.42133772086261245
62.85993265993266	0.4197630335462136
62.87676767676768	0.417994603253043
62.893602693602695	0.41634848781302736
62.91043771043771	0.4146526827760735
62.92727272727273	0.4129776493822014
62.94410774410775	0.4115964324894686
62.960942760942764	0.4096293394059177
62.97777777777778	0.40864878718258846
62.9946127946128	0.40682949895956816
63.011447811447816	0.4056407100981582
63.02828282828283	0.4040143476571923
63.045117845117844	0.4026005609765928
63.06195286195286	0.4011645729129094
63.07878787878788	0.3996464875166045
63.095622895622895	0.3982178951147998
63.11245791245791	0.3968180679121357
63.12929292929293	0.3955859725686576
63.14612794612795	0.39404895040956117
63.162962962962965	0.39315168805692585
63.17979797979798	0.39161877922101285
63.196632996633	0.3901566701154239
63.21346801346802	0.38920803346781063
63.230303030303034	0.3874781305860859
63.24713804713805	0.3863766101298732
63.26397306397307	0.3850587990908291
63.280808080808086	0.38344625674630195
63.2976430976431	0.3822926150552877
63.31447811447812	0.38099724539519714
63.33131313131314	0.3796534279418644
63.34814814814815	0.3783702042539647
63.364983164983165	0.37719389948578796
63.38181818181818	0.37602554837025143
63.3986531986532	0.3745640027028405
63.41548821548822	0.37345667206221794
63.432323232323235	0.37237645662006685
63.44915824915825	0.370817547308163
63.46599326599327	0.3697197108097513
63.48282828282829	0.3686978922084408
63.499663299663304	0.367001181075755
63.51649831649832	0.3659147550176563
63.53333333333334	0.36483225247485407
63.55016835016835	0.3636125801616178
63.567003367003366	0.3624212972651585
63.58383838383838	0.3613185615364521
63.6006734006734	0.36009651957475636
63.61750841750842	0.3591575771577705
63.634343434343435	0.3579837976434407
63.65117845117845	0.356681963255524
63.66801346801347	0.35580290888195276
63.68484848484849	0.35443788259305853
63.701683501683505	0.35288980748969845
63.71851851851852	0.35184757986037485
63.73535353535354	0.3509458190153157
63.75218855218856	0.34952794594995784
63.769023569023574	0.3482759352167445
63.78585858585859	0.34747829361697563
63.80269360269361	0.3462424342413003
63.819528619528626	0.34498273010702285
63.83636363636364	0.34387844095201114
63.85319865319865	0.34271859181817577
63.87003367003367	0.34167865141511283
63.88686868686869	0.3406359517297668
63.903703703703705	0.33979751412914466
63.92053872053872	0.3385235020786739
63.93737373737374	0.33720719762203255
63.95420875420876	0.3361405529823293
63.971043771043774	0.335211079919897
63.98787878787879	0.3340905087213536
64.0047138047138	0.33284787994072734
64.02154882154882	0.3320789178525769
64.03838383838384	0.33149496121729155
64.05521885521885	0.3304144328536566
64.07205387205387	0.3294010600367485
64.08888888888889	0.3285159960961607
64.1057239057239	0.32773099327014477
64.12255892255892	0.326595536169515
64.13939393939394	0.3257287087218227
64.15622895622896	0.3247166261875165
64.17306397306398	0.32403803875620607
64.18989898989899	0.3232054262656818
64.20673400673401	0.3220609036852845
64.22356902356903	0.32090161358726954
64.24040404040404	0.3200324850287717
64.25723905723906	0.31926401493623524
64.27407407407408	0.3185241410675324
64.2909090909091	0.31771585345162345
64.30774410774411	0.31676048332396195
64.32457912457913	0.31577125318218074
64.34141414141415	0.3151913460554737
64.35824915824917	0.31422916143490115
64.37508417508418	0.3132344171651303
64.3919191919192	0.31259977383114856
64.40875420875422	0.31168190488540004
64.42558922558922	0.31091059643563246
64.44242424242424	0.31000408281289943
64.45925925925926	0.30928693459128653
64.47609427609427	0.30846091894586525
64.49292929292929	0.307746526823274
64.50976430976431	0.30678604497885437
64.52659932659932	0.3060964974856606
64.54343434343434	0.30530300959853784
64.56026936026936	0.30468690049658576
64.57710437710438	0.30388698829749294
64.5939393939394	0.3032002886329042
64.61077441077441	0.3023184734295256
64.62760942760943	0.3014876897442624
64.64444444444445	0.300683940435816
64.66127946127946	0.29992023976552223
64.67811447811448	0.2989837566304377
64.6949494949495	0.2982319875606272
64.71178451178451	0.29753574251433224
64.72861952861953	0.2965980952148851
64.74545454545455	0.2958342012835745
64.76228956228957	0.29511149737407544
64.77912457912458	0.29440993037364455
64.7959595959596	0.29367116798570875
64.81279461279462	0.29280839548677745
64.82962962962964	0.2919724487725792
64.84646464646465	0.2912958064279165
64.86329966329967	0.29045100054746764
64.88013468013469	0.28995721124162355
64.8969696969697	0.2889839057264482
64.91380471380472	0.2881436341294968
64.93063973063974	0.2873318063978954
64.94747474747476	0.2865814226136558
64.96430976430977	0.2856806242494145
64.98114478114478	0.2851742658464493
64.9979797979798	0.2844011058141442
65.01481481481481	0.28390739921981323
65.03164983164983	0.2832255234745972
65.04848484848485	0.2824012233888701
65.06531986531986	0.28166959760116844
65.08215488215488	0.28088903213620964
65.0989898989899	0.28019320300296086
65.11582491582492	0.27952857479281645
65.13265993265993	0.2788822700149404
65.14949494949495	0.27822984539742607
65.16632996632997	0.27769831318951493
65.18316498316499	0.2770029672123233
65.2	0.2763373656583328
65.21683501683502	0.27541846294355843
65.23367003367004	0.27492124795271133
65.25050505050505	0.2741733465063539
65.26734006734007	0.2735948680969848
65.28417508417509	0.2728934181133668
65.3010101010101	0.27236745547978974
65.31784511784512	0.27168568333541865
65.33468013468014	0.271196627655645
65.35151515151516	0.2705183295877643
65.36835016835018	0.2699064441456184
65.3851851851852	0.2693654795488443
65.40202020202021	0.2688672827989521
65.41885521885521	0.26847230263698435
65.43569023569023	0.2676342003798189
65.45252525252525	0.26694810537517877
65.46936026936027	0.2662580099802869
65.48619528619528	0.2655968868423761
65.5030303030303	0.26502324877508676
65.51986531986532	0.2643928327401472
65.53670033670033	0.2638829777672431
65.55353535353535	0.26322943373193325
65.57037037037037	0.26272131981419145
65.58720538720539	0.2622001959108169
65.6040404040404	0.2615215897842976
65.62087542087542	0.2610152286026919
65.63771043771044	0.2603357891439555
65.65454545454546	0.25974215192077726
65.67138047138047	0.25924634153068393
65.68821548821549	0.25864471603833966
65.70505050505051	0.2579672404629499
65.72188552188553	0.2572995705825329
65.73872053872054	0.25653013317689605
65.75555555555556	0.2556119767317954
65.77239057239058	0.25534491635573403
65.7892255892256	0.2547527408668189
65.80606060606061	0.25428260527526925
65.82289562289563	0.2536497726762735
65.83973063973065	0.252717323132801
65.85656565656566	0.2521467764780778
65.87340067340068	0.2516487260773416
65.8902356902357	0.2512334429818195
65.90707070707072	0.25045109774496344
65.92390572390573	0.2498474927881131
65.94074074074075	0.2492932642566123
65.95757575757577	0.24879740635828712
65.97441077441077	0.24849173879998732
65.99124579124579	0.24774065241278118
66.0080808080808	0.2469884178939412
66.02491582491582	0.24655543126684928
66.04175084175084	0.24619308818421468
66.05858585858586	0.24567767993829326
66.07542087542087	0.24528722709490755
66.09225589225589	0.24473645724056445
66.10909090909091	0.24414761720036235
66.12592592592593	0.2437322065196774
66.14276094276094	0.24320440176743202
66.15959595959596	0.24280375539706106
66.17643097643098	0.24247679411202439
66.193265993266	0.2421364036080984
66.21010101010101	0.24137290261288835
66.22693602693603	0.24089072585866134
66.24377104377105	0.24057573936088084
66.26060606060607	0.2404912027104407
66.27744107744108	0.23990171370880373
66.2942760942761	0.2392707848003863
66.31111111111112	0.23855796526922457
66.32794612794613	0.238305651396468
66.34478114478115	0.23783067107817166
66.36161616161617	0.23710246827893808
66.37845117845117	0.2367305862762526
66.39528619528619	0.23624470800714162
66.4121212121212	0.23559882848391986
66.42895622895622	0.23545280036086028
66.44579124579124	0.2349543652944408
66.46262626262626	0.23441118266827848
66.47946127946128	0.23391923855212754
66.4962962962963	0.23371898173788241
66.51313131313131	0.2331965079856553
66.52996632996633	0.2325877027312957
66.54680134680135	0.23251478788639293
66.56363636363636	0.23196666400688504
66.58047138047138	0.23140786120201462
66.5973063973064	0.23101896591914287
66.61414141414141	0.2304861975533416
66.63097643097643	0.23011933480381905
66.64781144781145	0.22986172038782482
66.66464646464647	0.2292081877308128
66.68148148148148	0.22883229339475314
66.6983164983165	0.22869744334043715
66.71515151515152	0.228074350179926
66.73198653198654	0.22772749969167896
66.74882154882155	0.22764358021603562
66.76565656565657	0.226987449988002
66.78249158249159	0.22653914656661886
66.7993265993266	0.22607410512449908
66.81616161616162	0.22554093639990494
66.83299663299664	0.22497312528756996
66.84983164983166	0.22471225788020874
66.86666666666667	0.22426880340393734
66.88350168350169	0.22378787561875746
66.90033670033671	0.2234333641210103
66.91717171717173	0.22320006886181556
66.93400673400674	0.22254051515403733
66.95084175084176	0.22237358968512055
66.96767676767678	0.2220081040391151
66.9845117845118	0.22152241735397132
67.00134680134681	0.2211595233063801
67.01818181818182	0.22087858583423997
67.03501683501683	0.220066938529633
67.05185185185185	0.2200620304081897
67.06868686868687	0.21938932555418453
67.08552188552189	0.21906861293607655
67.1023569023569	0.21870199311680275
67.11919191919192	0.21834253870490936
67.13602693602694	0.218090041611951
67.15286195286195	0.21776293771237998
67.16969696969697	0.2173368743082974
67.18653198653199	0.21683459286682785
67.203367003367	0.21669868119958804
67.22020202020202	0.2159908580445053
67.23703703703704	0.21584295414346022
67.25387205387206	0.21524996863581952
67.27070707070708	0.21487956358283647
67.28754208754209	0.2143806622976344
67.30437710437711	0.2138635368266995
67.32121212121213	0.2135218021760629
67.33804713804714	0.2131875645799076
67.35488215488216	0.21282743280940114
67.37171717171718	0.21236944420111217
67.38855218855218	0.2116512777854166
67.4053872053872	0.21147396260370976
67.42222222222222	0.21088407706036166
67.43905723905723	0.2104418765516055
67.45589225589225	0.21000437823486118
67.47272727272727	0.20964379344804598
67.48956228956229	0.20931853378710186
67.5063973063973	0.20901451277755742
67.52323232323232	0.2089173496779203
67.54006734006734	0.20823408215372516
67.55690235690236	0.20803988744750587
67.57373737373737	0.20743931060088733
67.59057239057239	0.20715421223394326
67.60740740740741	0.20672092172950654
67.62424242424242	0.2065815133030274
67.64107744107744	0.20636516431163812
67.65791245791246	0.20607576790636659
67.67474747474748	0.20584577768006262
67.6915824915825	0.20542129316441735
67.70841750841751	0.20552337355386
67.72525252525253	0.20507165529563498
67.74208754208755	0.20502350593618374
67.75892255892256	0.20446453711021564
67.77575757575758	0.20422531400870492
67.7925925925926	0.20387856228046589
67.80942760942762	0.20352815278530698
67.82626262626263	0.20319671356785518
67.84309764309765	0.20271317633707317
67.85993265993267	0.202245987886646
67.87676767676768	0.20198312327158985
67.8936026936027	0.2017272632532881
67.91043771043772	0.20151108524872363
67.92727272727274	0.20109689248055332
67.94410774410775	0.2007169674628719
67.96094276094277	0.2003343618520947
67.97777777777779	0.19992705361112645
67.9946127946128	0.1995079146827662
68.01144781144781	0.19889454055716796
68.02828282828283	0.1987923877928782
68.04511784511784	0.19798423813427352
68.06195286195286	0.19782226575431056
68.07878787878788	0.1972847521679329
68.0956228956229	0.19719316524170954
68.11245791245791	0.1967921514494174
68.12929292929293	0.19626132056121248
68.14612794612795	0.19584374667765067
68.16296296296296	0.19575836153299925
68.17979797979798	0.19537983967731987
68.196632996633	0.19507266463536813
68.21346801346802	0.19480556534618332
68.23030303030303	0.19439626444178637
68.24713804713805	0.19399818328299492
68.26397306397307	0.19392303981246853
68.28080808080809	0.19363413955175163
68.2976430976431	0.19338634206305924
68.31447811447812	0.19312926059347943
68.33131313131314	0.19265256962349778
68.34814814814816	0.19253404170157867
68.36498316498317	0.19209031616623737
68.38181818181818	0.1918689417505349
68.3986531986532	0.19168066485237778
68.41548821548821	0.19128830099788707
68.43232323232323	0.19089415092677972
68.44915824915824	0.1905767322015576
68.46599326599326	0.19056360864937952
68.48282828282828	0.1903953610942878
68.4996632996633	0.18967053700856182
68.51649831649831	0.18956228687495785
68.53333333333333	0.18923331314200914
68.55016835016835	0.1887489740133524
68.56700336700337	0.18847865844824058
68.58383838383838	0.18841707589674703
68.6006734006734	0.18792498894796472
68.61750841750842	0.18766861457664552
68.63434343434344	0.18743743738324972
68.65117845117845	0.18726927702366594
68.66801346801347	0.18705493691421984
68.68484848484849	0.18674731849550416
68.7016835016835	0.18640896779046132
68.71851851851852	0.18630984994691754
