#Aext = 3.000000
#AirD = 0.025800
#K = 404.090000
#k3 = 1767500.000000
#k5 = 0.000000
#Scale = 1.207000
50	8.42285e-05	0.115373
50.0163	8.42285e-05	0.11541
50.0327	8.42285e-05	0.115448
50.049	8.42285e-05	0.115486
50.0654	8.42285e-05	0.115524
50.0817	8.42285e-05	0.115561
50.098	8.42285e-05	0.115599
50.1144	8.42285e-05	0.115637
50.1307	8.42285e-05	0.115674
50.1471	8.42285e-05	0.115712
50.1634	8.42285e-05	0.11575
50.1797	8.42285e-05	0.115787
50.1961	8.42285e-05	0.115825
50.2124	8.42285e-05	0.115863
50.2288	8.42285e-05	0.115901
50.2451	8.42285e-05	0.115938
50.2614	8.66699e-05	0.119333
50.2778	8.66699e-05	0.119372
50.2941	8.66699e-05	0.119411
50.3105	8.66699e-05	0.119449
50.3268	8.66699e-05	0.119488
50.3431	8.66699e-05	0.119527
50.3595	8.66699e-05	0.119566
50.3758	8.66699e-05	0.119605
50.3922	8.66699e-05	0.119643
50.4085	8.66699e-05	0.119682
50.4248	8.66699e-05	0.119721
50.4412	8.66699e-05	0.11976
50.4575	8.66699e-05	0.119799
50.4739	8.66699e-05	0.119837
50.4902	8.66699e-05	0.119876
50.5065	8.91113e-05	0.123288
50.5229	8.91113e-05	0.123328
50.5392	8.91113e-05	0.123368
50.5556	8.91113e-05	0.123408
50.5719	8.91113e-05	0.123448
50.5882	8.91113e-05	0.123488
50.6046	8.91113e-05	0.123527
50.6209	8.91113e-05	0.123567
50.6373	8.91113e-05	0.123607
50.6536	8.91113e-05	0.123647
50.6699	8.91113e-05	0.123687
50.6863	8.91113e-05	0.123727
50.7026	8.91113e-05	0.123767
50.719	8.91113e-05	0.123807
50.7353	9.15527e-05	0.127234
50.7516	9.15527e-05	0.127275
50.768	9.15527e-05	0.127316
50.7843	9.15527e-05	0.127357
50.8007	9.15527e-05	0.127398
50.817	9.15527e-05	0.127439
50.8333	9.15527e-05	0.12748
50.8497	9.15527e-05	0.127521
50.866	9.15527e-05	0.127562
50.8824	9.15527e-05	0.127603
50.8987	9.15527e-05	0.127644
50.915	9.15527e-05	0.127685
50.9314	9.15527e-05	0.127726
50.9477	9.15527e-05	0.127767
50.9641	9.39941e-05	0.131211
50.9804	9.39941e-05	0.131253
50.9967	9.39941e-05	0.131295
51.0131	9.39941e-05	0.131337
51.0294	9.39941e-05	0.131379
51.0458	9.39941e-05	0.131421
51.0621	9.39941e-05	0.131463
51.0784	9.39941e-05	0.131505
51.0948	9.39941e-05	0.131548
51.1111	9.39941e-05	0.13159
51.1275	9.39941e-05	0.131632
51.1438	9.39941e-05	0.131674
51.1601	9.64355e-05	0.135131
51.1765	9.64355e-05	0.135174
51.1928	9.64355e-05	0.135218
51.2092	9.64355e-05	0.135261
51.2255	9.64355e-05	0.135304
51.2418	9.64355e-05	0.135347
51.2582	9.64355e-05	0.13539
51.2745	9.64355e-05	0.135433
51.2908	9.64355e-05	0.135477
51.3072	9.64355e-05	0.13552
51.3235	9.64355e-05	0.135563
51.3399	9.64355e-05	0.135606
51.3562	0.000100098	0.140791
51.3725	0.000100098	0.140836
51.3889	0.000100098	0.140881
51.4052	0.000100098	0.140926
51.4216	0.000100098	0.14097
51.4379	0.000100098	0.141015
51.4542	0.000100098	0.14106
51.4706	0.000100098	0.141105
51.4869	0.000100098	0.14115
51.5033	0.000100098	0.141194
51.5196	0.000100098	0.141239
51.5359	0.000100098	0.141284
51.5523	0.000100098	0.141329
51.5686	0.000100098	0.141374
51.585	0.000100098	0.141418
51.6013	0.000100098	0.141463
51.6176	0.000100098	0.141508
51.634	0.000100098	0.141553
51.6503	0.000100098	0.141598
51.6667	0.000100098	0.141642
51.683	0.000100098	0.141687
51.6993	0.000100098	0.141732
51.7157	0.00010498	0.148679
51.732	0.00010498	0.148726
51.7484	0.00010498	0.148773
51.7647	0.00010498	0.14882
51.781	0.00010498	0.148867
51.7974	0.00010498	0.148914
51.8137	0.00010498	0.148961
51.8301	0.00010498	0.149008
51.8464	0.00010498	0.149055
51.8627	0.00010498	0.149102
51.8791	0.00010498	0.149149
51.8954	0.00010498	0.149196
51.9118	0.00010498	0.149243
51.9281	0.00010498	0.14929
51.9444	0.00010498	0.149337
51.9608	0.00010498	0.149384
51.9771	0.00010498	0.149431
51.9935	0.00010498	0.149478
52.0098	0.00010498	0.149525
52.0261	0.00010498	0.149572
52.0425	0.000109863	0.156563
52.0588	0.000109863	0.156612
52.0752	0.000109863	0.156661
52.0915	0.000109863	0.15671
52.1078	0.000109863	0.156759
52.1242	0.000109863	0.156809
52.1405	0.000109863	0.156858
52.1569	0.000109863	0.156907
52.1732	0.000109863	0.156956
52.1895	0.000109863	0.157005
52.2059	0.000109863	0.157054
52.2222	0.000109863	0.157104
52.2386	0.000109863	0.157153
52.2549	0.000109863	0.157202
52.2712	0.000109863	0.157251
52.2876	0.000109863	0.1573
52.3039	0.000109863	0.157349
52.3203	0.000109863	0.157398
52.3366	0.000109863	0.157448
52.3529	0.000114746	0.16448
52.3693	0.000114746	0.164532
52.3856	0.000114746	0.164583
52.402	0.000114746	0.164634
52.4183	0.000114746	0.164686
52.4346	0.000114746	0.164737
52.451	0.000114746	0.164788
52.4673	0.000114746	0.16484
52.4837	0.000114746	0.164891
52.5	0.000114746	0.164942
52.5163	0.000114746	0.164994
52.5327	0.000114746	0.165045
52.549	0.000114746	0.165096
52.5654	0.000114746	0.165148
52.5817	0.000114746	0.165199
52.598	0.000114746	0.16525
52.6144	0.000119629	0.172318
52.6307	0.000119629	0.172371
52.6471	0.000119629	0.172425
52.6634	0.000119629	0.172478
52.6797	0.000119629	0.172532
52.6961	0.000119629	0.172585
52.7124	0.000119629	0.172639
52.7288	0.000119629	0.172692
52.7451	0.000119629	0.172746
52.7614	0.000119629	0.172799
52.7778	0.000119629	0.172853
52.7941	0.000119629	0.172907
52.8105	0.000119629	0.17296
52.8268	0.000119629	0.173014
52.8431	0.000119629	0.173067
52.8595	0.000124512	0.180167
52.8758	0.000124512	0.180223
52.8922	0.000124512	0.180279
52.9085	0.000124512	0.180334
52.9248	0.000124512	0.18039
52.9412	0.000124512	0.180446
52.9575	0.000124512	0.180501
52.9739	0.000124512	0.180557
52.9902	0.000124512	0.180613
53.0065	0.000124512	0.180668
53.0229	0.000124512	0.180724
53.0392	0.000124512	0.18078
53.0556	0.000124512	0.180836
53.0719	0.000124512	0.180891
53.0882	0.000129395	0.188022
53.1046	0.000129395	0.18808
53.1209	0.000129395	0.188138
53.1373	0.000129395	0.188195
53.1536	0.000129395	0.188253
53.1699	0.000129395	0.188311
53.1863	0.000129395	0.188369
53.2026	0.000129395	0.188427
53.219	0.000129395	0.188485
53.2353	0.000129395	0.188543
53.2516	0.000129395	0.1886
53.268	0.000129395	0.188658
53.2843	0.000129395	0.188716
53.3007	0.000134277	0.195875
53.317	0.000134277	0.195935
53.3333	0.000134277	0.195995
53.3497	0.000134277	0.196055
53.366	0.000134277	0.196115
53.3824	0.000134277	0.196175
53.3987	0.000134277	0.196235
53.415	0.000134277	0.196295
53.4314	0.000134277	0.196355
53.4477	0.000134277	0.196415
53.4641	0.000134277	0.196475
53.4804	0.000134277	0.196535
53.4967	0.00013916	0.20372
53.5131	0.00013916	0.203782
53.5294	0.00013916	0.203844
53.5458	0.00013916	0.203906
53.5621	0.00013916	0.203969
53.5784	0.00013916	0.204031
53.5948	0.00013916	0.204093
53.6111	0.00013916	0.204155
53.6275	0.00013916	0.204217
53.6438	0.00013916	0.20428
53.6601	0.00013916	0.204342
53.6765	0.000144043	0.21155
53.6928	0.000144043	0.211614
53.7092	0.000144043	0.211678
53.7255	0.000144043	0.211743
53.7418	0.000144043	0.211807
53.7582	0.000144043	0.211872
53.7745	0.000144043	0.211936
53.7908	0.000144043	0.212
53.8072	0.000144043	0.212065
53.8235	0.000144043	0.212129
53.8399	0.000148926	0.219358
53.8562	0.000148926	0.219425
53.8725	0.000148926	0.219491
53.8889	0.000148926	0.219558
53.9052	0.000148926	0.219624
53.9216	0.000148926	0.219691
53.9379	0.000148926	0.219758
53.9542	0.000148926	0.219824
53.9706	0.000148926	0.219891
53.9869	0.000148926	0.219957
54.0033	0.000153809	0.227207
54.0196	0.000153809	0.227276
54.0359	0.000153809	0.227345
54.0523	0.000153809	0.227414
54.0686	0.000153809	0.227482
54.085	0.000153809	0.227551
54.1013	0.000153809	0.22762
54.1176	0.000153809	0.227689
54.134	0.000153809	0.227757
54.1503	0.000158691	0.235026
54.1667	0.000158691	0.235097
54.183	0.000158691	0.235168
54.1993	0.000158691	0.235239
54.2157	0.000158691	0.23531
54.232	0.000158691	0.235381
54.2484	0.000158691	0.235452
54.2647	0.000158691	0.235523
54.281	0.000158691	0.235594
54.2974	0.000163574	0.242881
54.3137	0.000163574	0.242954
54.3301	0.000163574	0.243027
54.3464	0.000163574	0.2431
54.3627	0.000163574	0.243173
54.3791	0.000163574	0.243247
54.3954	0.000163574	0.24332
54.4118	0.000168457	0.250621
54.4281	0.000168457	0.250697
54.4444	0.000168457	0.250772
54.4608	0.000168457	0.250847
54.4771	0.000168457	0.250922
54.4935	0.000168457	0.250998
54.5098	0.000168457	0.251073
54.5261	0.000168457	0.251148
54.5425	0.00017334	0.258466
54.5588	0.00017334	0.258544
54.5752	0.00017334	0.258621
54.5915	0.00017334	0.258698
54.6078	0.00017334	0.258776
54.6242	0.00017334	0.258853
54.6405	0.00017334	0.258931
54.6569	0.000178223	0.266263
54.6732	0.000178223	0.266342
54.6895	0.000178223	0.266422
54.7059	0.000178223	0.266502
54.7222	0.000178223	0.266581
54.7386	0.000178223	0.266661
54.7549	0.000178223	0.26674
54.7712	0.000183105	0.274086
54.7876	0.000183105	0.274168
54.8039	0.000183105	0.27425
54.8203	0.000183105	0.274332
54.8366	0.000183105	0.274413
54.8529	0.000183105	0.274495
54.8693	0.000187988	0.281853
54.8856	0.000187988	0.281937
54.902	0.000187988	0.282021
54.9183	0.000187988	0.282105
54.9346	0.000187988	0.282188
54.951	0.000187988	0.282272
54.9673	0.000192871	0.289642
54.9837	0.000192871	0.289728
55	0.000192871	0.289814
55.0163	0.000192871	0.2899
55.0327	0.000192871	0.289986
55.049	0.000192871	0.290072
55.0654	0.000200195	0.301098
55.0817	0.000200195	0.301188
55.098	0.000200195	0.301277
55.1144	0.000200195	0.301366
55.1307	0.000200195	0.301456
55.1471	0.000200195	0.301545
55.1634	0.000200195	0.301634
55.1797	0.000200195	0.301724
55.1961	0.000200195	0.301813
55.2124	0.000200195	0.301902
55.2288	0.000209961	0.316608
55.2451	0.000209961	0.316702
55.2614	0.000209961	0.316796
55.2778	0.000209961	0.316889
55.2941	0.000209961	0.316983
55.3105	0.000209961	0.317077
55.3268	0.000209961	0.31717
55.3431	0.000209961	0.317264
55.3595	0.000209961	0.317358
55.3758	0.000209961	0.317451
55.3922	0.000219727	0.332188
55.4085	0.000219727	0.332286
55.4248	0.000219727	0.332384
55.4412	0.000219727	0.332482
55.4575	0.000219727	0.33258
55.4739	0.000219727	0.332678
55.4902	0.000219727	0.332776
55.5065	0.000219727	0.332874
55.5229	0.000219727	0.332972
55.5392	0.000229492	0.347735
55.5556	0.000229492	0.347838
55.5719	0.000229492	0.34794
55.5882	0.000229492	0.348042
55.6046	0.000229492	0.348145
55.6209	0.000229492	0.348247
55.6373	0.000229492	0.348349
55.6536	0.000229492	0.348452
55.6699	0.000239258	0.363235
55.6863	0.000239258	0.363342
55.7026	0.000239258	0.363449
55.719	0.000239258	0.363555
55.7353	0.000239258	0.363662
55.7516	0.000239258	0.363769
55.768	0.000239258	0.363875
55.7843	0.000249023	0.378675
55.8007	0.000249023	0.378786
55.817	0.000249023	0.378897
55.8333	0.000249023	0.379008
55.8497	0.000249023	0.379119
55.866	0.000249023	0.37923
55.8824	0.000249023	0.37934
55.8987	0.000258789	0.394155
55.915	0.000258789	0.39427
55.9314	0.000258789	0.394386
55.9477	0.000258789	0.394501
55.9641	0.000258789	0.394616
55.9804	0.000258789	0.394731
55.9967	0.000268555	0.409556
56.0131	0.000268555	0.409675
56.0294	0.000268555	0.409795
56.0458	0.000268555	0.409914
56.0621	0.000268555	0.410034
56.0784	0.000268555	0.410153
56.0948	0.00027832	0.424987
56.1111	0.00027832	0.42511
56.1275	0.00027832	0.425234
56.1438	0.00027832	0.425358
56.1601	0.00027832	0.425482
56.1765	0.000288086	0.440319
56.1928	0.000288086	0.440447
56.2092	0.000288086	0.440575
56.2255	0.000288086	0.440703
56.2418	0.000288086	0.440831
56.2582	0.000288086	0.44096
56.2745	0.000297852	0.455804
56.2908	0.000297852	0.455937
56.3072	0.000297852	0.456069
56.3235	0.000297852	0.456201
56.3399	0.000307617	0.471044
56.3562	0.000307617	0.471181
56.3725	0.000307617	0.471317
56.3889	0.000307617	0.471454
56.4052	0.000307617	0.471591
56.4216	0.000317383	0.486435
56.4379	0.000317383	0.486576
56.4542	0.000317383	0.486717
56.4706	0.000317383	0.486857
56.4869	0.000327148	0.501698
56.5033	0.000327148	0.501843
56.5196	0.000327148	0.501988
56.5359	0.000327148	0.502133
56.5523	0.000336914	0.51697
56.5686	0.000336914	0.517119
56.585	0.000336914	0.517268
56.6013	0.000336914	0.517418
56.6176	0.00034668	0.532249
56.634	0.00034668	0.532403
56.6503	0.00034668	0.532556
56.6667	0.00034668	0.53271
56.683	0.000356445	0.547535
56.6993	0.000356445	0.547693
56.7157	0.000356445	0.547851
56.732	0.000366211	0.562665
56.7484	0.000366211	0.562827
56.7647	0.000366211	0.562989
56.781	0.000375977	0.577792
56.7974	0.000375977	0.577958
56.8137	0.000375977	0.578124
56.8301	0.000375977	0.578291
56.8464	0.000385742	0.593085
56.8627	0.000385742	0.593255
56.8791	0.000385742	0.593426
56.8954	0.000400391	0.615501
56.9118	0.000400391	0.615677
56.9281	0.000400391	0.615854
56.9444	0.000400391	0.616031
56.9608	0.000400391	0.616208
56.9771	0.000419922	0.645523
56.9935	0.000419922	0.645708
57.0098	0.000419922	0.645893
57.0261	0.000419922	0.646078
57.0425	0.000419922	0.646263
57.0588	0.000439453	0.675498
57.0752	0.000439453	0.675692
57.0915	0.000439453	0.675885
57.1078	0.000439453	0.676079
57.1242	0.000439453	0.676272
57.1405	0.000458984	0.705421
57.1569	0.000458984	0.705623
57.1732	0.000458984	0.705825
57.1895	0.000458984	0.706026
57.2059	0.000478516	0.735075
57.2222	0.000478516	0.735285
57.2386	0.000478516	0.735495
57.2549	0.000478516	0.735705
57.2712	0.000478516	0.735915
57.2876	0.000498047	0.764866
57.3039	0.000498047	0.765085
57.3203	0.000498047	0.765303
57.3366	0.000517578	0.794134
57.3529	0.000517578	0.794361
57.3693	0.000517578	0.794587
57.3856	0.000517578	0.794813
57.402	0.000537109	0.823528
57.4183	0.000537109	0.823763
57.4346	0.000537109	0.823997
57.451	0.000537109	0.824232
57.4673	0.000556641	0.852824
57.4837	0.000556641	0.853067
57.5	0.000556641	0.853309
57.5163	0.000576172	0.881766
57.5327	0.000576172	0.882016
57.549	0.000576172	0.882267
57.5654	0.000595703	0.910583
57.5817	0.000595703	0.910841
57.598	0.000595703	0.9111
57.6144	0.000615234	0.93927
57.6307	0.000615234	0.939536
57.6471	0.000615234	0.939803
57.6634	0.000634766	0.967822
57.6797	0.000634766	0.968096
57.6961	0.000634766	0.96837
57.7124	0.000654297	0.996234
57.7288	0.000654297	0.996516
57.7451	0.000673828	1.02421
57.7614	0.000673828	1.0245
57.7778	0.000673828	1.02479
57.7941	0.000693359	1.05232
57.8105	0.000693359	1.05262
57.8268	0.000712891	1.07997
57.8431	0.000712891	1.08028
57.8595	0.000712891	1.08058
57.8758	0.000732422	1.10776
57.8922	0.000732422	1.10807
57.9085	0.000751953	1.13506
57.9248	0.000751953	1.13538
57.9412	0.000751953	1.1357
57.9575	0.000771484	1.16251
57.9739	0.000771484	1.16284
57.9902	0.000800781	1.20252
58.0065	0.000800781	1.20286
58.0229	0.000800781	1.2032
58.0392	0.000800781	1.20354
58.0556	0.000800781	1.20388
58.0719	0.000839844	1.25598
58.0882	0.000839844	1.25633
58.1046	0.000839844	1.25668
58.1209	0.000839844	1.25704
58.1373	0.000839844	1.25739
58.1536	0.000878906	1.30867
58.1699	0.000878906	1.30903
58.1863	0.000878906	1.3094
58.2026	0.000878906	1.30977
58.219	0.000878906	1.31014
58.2353	0.000878906	1.3105
58.2516	0.000917969	1.36094
58.268	0.000917969	1.36132
58.2843	0.000917969	1.36171
58.3007	0.000917969	1.36209
58.317	0.000917969	1.36247
58.3333	0.000917969	1.36285
58.3497	0.000917969	1.36323
58.366	0.000917969	1.36361
58.3824	0.000957031	1.41322
58.3987	0.000957031	1.41361
58.415	0.000957031	1.41401
58.4314	0.000957031	1.4144
58.4477	0.000957031	1.4148
58.4641	0.000957031	1.4152
58.4804	0.000957031	1.41559
58.4967	0.000957031	1.41599
58.5131	0.000957031	1.41638
58.5294	0.000957031	1.41678
58.5458	0.000957031	1.41717
58.5621	0.000957031	1.41757
58.5784	0.000957031	1.41796
58.5948	0.000957031	1.41836
58.6111	0.000917969	1.36934
58.6275	0.000917969	1.36972
58.6438	0.000917969	1.3701
58.6601	0.000917969	1.37049
58.6765	0.000917969	1.37087
58.6928	0.000917969	1.37125
58.7092	0.000917969	1.37163
58.7255	0.000878906	1.32154
58.7418	0.000878906	1.3219
58.7582	0.000878906	1.32227
58.7745	0.000878906	1.32264
58.7908	0.000878906	1.32301
58.8072	0.000839844	1.27188
58.8235	0.000839844	1.27223
58.8399	0.000839844	1.27259
58.8562	0.000839844	1.27294
58.8725	0.000800781	1.22082
58.8889	0.000800781	1.22116
58.9052	0.000800781	1.2215
58.9216	0.000800781	1.22183
58.9379	0.000771484	1.18218
58.9542	0.000771484	1.18251
58.9706	0.000751953	1.15588
58.9869	0.000751953	1.1562
59.0033	0.000732422	1.12934
59.0196	0.000732422	1.12965
59.0359	0.000712891	1.10255
59.0523	0.000712891	1.10286
59.0686	0.000712891	1.10316
59.085	0.000693359	1.07582
59.1013	0.000693359	1.07612
59.1176	0.000673828	1.04856
59.134	0.000673828	1.04884
59.1503	0.000654297	1.02105
59.1667	0.000654297	1.02134
59.183	0.000634766	0.993327
59.1993	0.000634766	0.993601
59.2157	0.000634766	0.993875
59.232	0.000615234	0.965642
59.2484	0.000615234	0.965908
59.2647	0.000595703	0.937464
59.281	0.000595703	0.937722
59.2974	0.000595703	0.93798
59.3137	0.000576172	0.909321
59.3301	0.000576172	0.909572
59.3464	0.000576172	0.909822
59.3627	0.000556641	0.880952
59.3791	0.000556641	0.881195
59.3954	0.000556641	0.881437
59.4118	0.000537109	0.852362
59.4281	0.000537109	0.852597
59.4444	0.000537109	0.852831
59.4608	0.000517578	0.823555
59.4771	0.000517578	0.823782
59.4935	0.000517578	0.824008
59.5098	0.000498047	0.794536
59.5261	0.000498047	0.794754
59.5425	0.000498047	0.794972
59.5588	0.000478516	0.76531
59.5752	0.000478516	0.76552
59.5915	0.000478516	0.76573
59.6078	0.000478516	0.76594
59.6242	0.000458984	0.736083
59.6405	0.000458984	0.736285
59.6569	0.000458984	0.736486
59.6732	0.000458984	0.736688
59.6895	0.000439453	0.706643
59.7059	0.000439453	0.706836
59.7222	0.000439453	0.707029
59.7386	0.000439453	0.707223
59.7549	0.000439453	0.707416
59.7712	0.000419922	0.677179
59.7876	0.000419922	0.677364
59.8039	0.000419922	0.677549
59.8203	0.000419922	0.677734
59.8366	0.000400391	0.647319
59.8529	0.000400391	0.647495
59.8693	0.000400391	0.647672
59.8856	0.000400391	0.647849
59.902	0.000400391	0.648026
59.9183	0.000385742	0.625134
59.9346	0.000385742	0.625305
59.951	0.000385742	0.625475
59.9673	0.000375977	0.610215
59.9837	0.000375977	0.610381
60	0.000375977	0.610547
60.0163	0.000366211	0.595239
60.0327	0.000366211	0.595401
60.049	0.000366211	0.595563
60.0654	0.000356445	0.580207
60.0817	0.000356445	0.580365
60.098	0.000356445	0.580523
60.1144	0.00034668	0.565121
60.1307	0.00034668	0.565275
60.1471	0.00034668	0.565428
60.1634	0.00034668	0.565582
60.1797	0.000336914	0.55013
60.1961	0.000336914	0.550279
60.2124	0.000336914	0.550429
60.2288	0.000327148	0.534932
60.2451	0.000327148	0.535077
60.2614	0.000327148	0.535222
60.2778	0.000327148	0.535367
60.2941	0.000317383	0.519822
60.3105	0.000317383	0.519963
60.3268	0.000317383	0.520103
60.3431	0.000317383	0.520244
60.3595	0.000307617	0.504651
60.3758	0.000307617	0.504788
60.3922	0.000307617	0.504924
60.4085	0.000307617	0.505061
60.4248	0.000297852	0.489421
60.4412	0.000297852	0.489553
60.4575	0.000297852	0.489685
60.4739	0.000297852	0.489818
60.4902	0.000288086	0.474131
60.5065	0.000288086	0.474259
60.5229	0.000288086	0.474387
60.5392	0.000288086	0.474515
60.5556	0.000288086	0.474643
60.5719	0.00027832	0.458906
60.5882	0.00027832	0.45903
60.6046	0.00027832	0.459154
60.6209	0.00027832	0.459278
60.6373	0.00027832	0.459402
60.6536	0.000268555	0.443616
60.6699	0.000268555	0.443735
60.6863	0.000268555	0.443855
60.7026	0.000268555	0.443974
60.719	0.000268555	0.444094
60.7353	0.000258789	0.428259
60.7516	0.000258789	0.428374
60.768	0.000258789	0.42849
60.7843	0.000258789	0.428605
60.8007	0.000258789	0.42872
60.817	0.000258789	0.428835
60.8333	0.000249023	0.412949
60.8497	0.000249023	0.41306
60.866	0.000249023	0.41317
60.8824	0.000249023	0.413281
60.8987	0.000249023	0.413392
60.915	0.000249023	0.413503
60.9314	0.000239258	0.397565
60.9477	0.000239258	0.397672
60.9641	0.000239258	0.397779
60.9804	0.000239258	0.397885
60.9967	0.000239258	0.397992
61.0131	0.000239258	0.398098
61.0294	0.000239258	0.398205
61.0458	0.000229492	0.382212
61.0621	0.000229492	0.382315
61.0784	0.000229492	0.382417
61.0948	0.000229492	0.382519
61.1111	0.000229492	0.382621
61.1275	0.000229492	0.382724
61.1438	0.000229492	0.382826
61.1601	0.000219727	0.366779
61.1765	0.000219727	0.366877
61.1928	0.000219727	0.366975
61.2092	0.000219727	0.367073
61.2255	0.000219727	0.367171
61.2418	0.000219727	0.367269
61.2582	0.000219727	0.367367
61.2745	0.000219727	0.367465
61.2908	0.000209961	0.35136
61.3072	0.000209961	0.351454
61.3235	0.000209961	0.351548
61.3399	0.000209961	0.351641
61.3562	0.000209961	0.351735
61.3725	0.000209961	0.351829
61.3889	0.000209961	0.351922
61.4052	0.000209961	0.352016
61.4216	0.000209961	0.35211
61.4379	0.000200195	0.335944
61.4542	0.000200195	0.336033
61.4706	0.000200195	0.336122
61.4869	0.000200195	0.336212
61.5033	0.000200195	0.336301
61.5196	0.000200195	0.33639
61.5359	0.000200195	0.33648
61.5523	0.000200195	0.336569
61.5686	0.000200195	0.336658
61.585	0.000192871	0.324512
61.6013	0.000192871	0.324598
61.6176	0.000192871	0.324684
61.634	0.000192871	0.32477
61.6503	0.000192871	0.324857
61.6667	0.000187988	0.31677
61.683	0.000187988	0.316854
61.6993	0.000187988	0.316937
61.7157	0.000187988	0.317021
61.732	0.000187988	0.317105
61.7484	0.000187988	0.317189
61.7647	0.000183105	0.309083
61.781	0.000183105	0.309165
61.7974	0.000183105	0.309247
61.8137	0.000183105	0.309328
61.8301	0.000183105	0.30941
61.8464	0.000178223	0.301287
61.8627	0.000178223	0.301367
61.8791	0.000178223	0.301446
61.8954	0.000178223	0.301526
61.9118	0.000178223	0.301605
61.9281	0.000178223	0.301685
61.9444	0.00017334	0.293543
61.9608	0.00017334	0.29362
61.9771	0.00017334	0.293697
61.9935	0.00017334	0.293775
62.0098	0.00017334	0.293852
62.0261	0.00017334	0.29393
62.0425	0.000168457	0.285769
62.0588	0.000168457	0.285844
62.0752	0.000168457	0.285919
62.0915	0.000168457	0.285994
62.1078	0.000168457	0.28607
62.1242	0.000168457	0.286145
62.1405	0.000168457	0.28622
62.1569	0.000163574	0.278038
62.1732	0.000163574	0.278111
62.1895	0.000163574	0.278184
62.2059	0.000163574	0.278257
62.2222	0.000163574	0.27833
62.2386	0.000163574	0.278403
62.2549	0.000163574	0.278476
62.2712	0.000158691	0.270273
62.2876	0.000158691	0.270344
62.3039	0.000158691	0.270415
62.3203	0.000158691	0.270486
62.3366	0.000158691	0.270557
62.3529	0.000158691	0.270628
62.3693	0.000158691	0.270699
62.3856	0.000153809	0.262474
62.402	0.000153809	0.262543
62.4183	0.000153809	0.262612
62.4346	0.000153809	0.262681
62.451	0.000153809	0.262749
62.4673	0.000153809	0.262818
62.4837	0.000153809	0.262887
62.5	0.000153809	0.262956
62.5163	0.000148926	0.254708
62.5327	0.000148926	0.254775
62.549	0.000148926	0.254842
62.5654	0.000148926	0.254908
62.5817	0.000148926	0.254975
62.598	0.000148926	0.255041
62.6144	0.000148926	0.255108
62.6307	0.000148926	0.255175
62.6471	0.000144043	0.246905
62.6634	0.000144043	0.246969
62.6797	0.000144043	0.247033
62.6961	0.000144043	0.247098
62.7124	0.000144043	0.247162
62.7288	0.000144043	0.247227
62.7451	0.000144043	0.247291
62.7614	0.000144043	0.247355
62.7778	0.000144043	0.24742
62.7941	0.00013916	0.239125
62.8105	0.00013916	0.239187
62.8268	0.00013916	0.239249
62.8431	0.00013916	0.239311
62.8595	0.00013916	0.239374
62.8758	0.00013916	0.239436
62.8922	0.00013916	0.239498
62.9085	0.00013916	0.23956
62.9248	0.00013916	0.239623
62.9412	0.000134277	0.231303
62.9575	0.000134277	0.231363
62.9739	0.000134277	0.231423
62.9902	0.000134277	0.231483
63.0065	0.000134277	0.231543
63.0229	0.000134277	0.231603
63.0392	0.000134277	0.231663
63.0556	0.000134277	0.231723
63.0719	0.000134277	0.231783
63.0882	0.000134277	0.231843
63.1046	0.000129395	0.223497
63.1209	0.000129395	0.223554
63.1373	0.000129395	0.223612
63.1536	0.000129395	0.22367
63.1699	0.000129395	0.223728
63.1863	0.000129395	0.223786
63.2026	0.000129395	0.223844
63.219	0.000129395	0.223902
63.2353	0.000129395	0.223959
63.2516	0.000129395	0.224017
63.268	0.000129395	0.224075
63.2843	0.000124512	0.215699
63.3007	0.000124512	0.215755
63.317	0.000124512	0.215811
63.3333	0.000124512	0.215867
63.3497	0.000124512	0.215922
63.366	0.000124512	0.215978
63.3824	0.000124512	0.216034
63.3987	0.000124512	0.216089
63.415	0.000124512	0.216145
63.4314	0.000124512	0.216201
63.4477	0.000124512	0.216256
63.4641	0.000124512	0.216312
63.4804	0.000119629	0.207905
63.4967	0.000119629	0.207959
63.5131	0.000119629	0.208012
63.5294	0.000119629	0.208066
63.5458	0.000119629	0.208119
63.5621	0.000119629	0.208173
63.5784	0.000119629	0.208226
63.5948	0.000119629	0.20828
63.6111	0.000119629	0.208333
63.6275	0.000119629	0.208387
63.6438	0.000119629	0.20844
63.6601	0.000119629	0.208494
63.6765	0.000114746	0.200056
63.6928	0.000114746	0.200107
63.7092	0.000114746	0.200159
63.7255	0.000114746	0.20021
63.7418	0.000114746	0.200261
63.7582	0.000114746	0.200313
63.7745	0.000114746	0.200364
63.7908	0.000114746	0.200415
63.8072	0.000114746	0.200467
63.8235	0.000114746	0.200518
63.8399	0.000114746	0.200569
63.8562	0.000114746	0.200621
63.8725	0.000114746	0.200672
63.8889	0.000114746	0.200723
63.9052	0.000109863	0.19225
63.9216	0.000109863	0.192299
63.9379	0.000109863	0.192349
63.9542	0.000109863	0.192398
63.9706	0.000109863	0.192447
63.9869	0.000109863	0.192496
64.0033	0.000109863	0.192545
64.0196	0.000109863	0.192594
64.0359	0.000109863	0.192644
64.0523	0.000109863	0.192693
64.0686	0.000109863	0.192742
64.085	0.000109863	0.192791
64.1013	0.000109863	0.19284
64.1176	0.000109863	0.192889
64.134	0.000109863	0.192938
64.1503	0.00010498	0.184428
64.1667	0.00010498	0.184475
64.183	0.00010498	0.184522
64.1993	0.00010498	0.184569
64.2157	0.00010498	0.184616
64.232	0.00010498	0.184663
64.2484	0.00010498	0.18471
64.2647	0.00010498	0.184757
64.281	0.00010498	0.184804
64.2974	0.00010498	0.184851
64.3137	0.00010498	0.184898
64.3301	0.00010498	0.184945
64.3464	0.00010498	0.184992
64.3627	0.00010498	0.185039
64.3791	0.00010498	0.185086
64.3954	0.00010498	0.185133
64.4118	0.000100098	0.176583
64.4281	0.000100098	0.176627
64.4444	0.000100098	0.176672
64.4608	0.000100098	0.176717
64.4771	0.000100098	0.176762
64.4935	0.000100098	0.176807
64.5098	0.000100098	0.176851
64.5261	0.000100098	0.176896
64.5425	0.000100098	0.176941
64.5588	0.000100098	0.176986
64.5752	0.000100098	0.177031
64.5915	0.000100098	0.177075
64.6078	0.000100098	0.17712
64.6242	0.000100098	0.177165
64.6405	0.000100098	0.17721
64.6569	0.000100098	0.177254
64.6732	0.000100098	0.177299
64.6895	0.000100098	0.177344
64.7059	9.64355e-05	0.17091
64.7222	9.64355e-05	0.170953
64.7386	9.64355e-05	0.170997
64.7549	9.64355e-05	0.17104
64.7712	9.64355e-05	0.171083
64.7876	9.64355e-05	0.171126
64.8039	9.64355e-05	0.171169
64.8203	9.64355e-05	0.171212
64.8366	9.64355e-05	0.171255
64.8529	9.39941e-05	0.166969
64.8693	9.39941e-05	0.167011
64.8856	9.39941e-05	0.167053
64.902	9.39941e-05	0.167095
64.9183	9.39941e-05	0.167137
64.9346	9.39941e-05	0.167179
64.951	9.39941e-05	0.167221
64.9673	9.39941e-05	0.167263
64.9837	9.39941e-05	0.167306
65	9.39941e-05	0.167348
65.0163	9.15527e-05	0.163049
65.0327	9.15527e-05	0.16309
65.049	9.15527e-05	0.163131
65.0654	9.15527e-05	0.163172
65.0817	9.15527e-05	0.163213
65.098	9.15527e-05	0.163253
65.1144	9.15527e-05	0.163294
65.1307	9.15527e-05	0.163335
65.1471	9.15527e-05	0.163376
65.1634	9.15527e-05	0.163417
65.1797	9.15527e-05	0.163458
65.1961	8.91113e-05	0.159146
65.2124	8.91113e-05	0.159186
65.2288	8.91113e-05	0.159226
65.2451	8.91113e-05	0.159265
65.2614	8.91113e-05	0.159305
65.2778	8.91113e-05	0.159345
65.2941	8.91113e-05	0.159385
65.3105	8.91113e-05	0.159425
65.3268	8.91113e-05	0.159465
65.3431	8.91113e-05	0.159505
65.3595	8.91113e-05	0.159545
65.3758	8.66699e-05	0.155218
65.3922	8.66699e-05	0.155257
65.4085	8.66699e-05	0.155296
65.4248	8.66699e-05	0.155335
65.4412	8.66699e-05	0.155374
65.4575	8.66699e-05	0.155412
65.4739	8.66699e-05	0.155451
65.4902	8.66699e-05	0.15549
65.5065	8.66699e-05	0.155529
65.5229	8.66699e-05	0.155567
65.5392	8.66699e-05	0.155606
65.5556	8.42285e-05	0.151266
65.5719	8.42285e-05	0.151304
65.5882	8.42285e-05	0.151342
65.6046	8.42285e-05	0.15138
65.6209	8.42285e-05	0.151417
65.6373	8.42285e-05	0.151455
65.6536	8.42285e-05	0.151493
65.6699	8.42285e-05	0.15153
65.6863	8.42285e-05	0.151568
65.7026	8.42285e-05	0.151606
65.719	8.42285e-05	0.151643
65.7353	8.42285e-05	0.151681
65.7516	8.17871e-05	0.147327
65.768	8.17871e-05	0.147363
65.7843	8.17871e-05	0.1474
65.8007	8.17871e-05	0.147436
65.817	8.17871e-05	0.147473
65.8333	8.17871e-05	0.14751
65.8497	8.17871e-05	0.147546
65.866	8.17871e-05	0.147583
65.8824	8.17871e-05	0.14762
65.8987	8.17871e-05	0.147656
65.915	8.17871e-05	0.147693
65.9314	8.17871e-05	0.147729
65.9477	8.17871e-05	0.147766
65.9641	7.93457e-05	0.143396
65.9804	7.93457e-05	0.143431
65.9967	7.93457e-05	0.143467
66.0131	7.93457e-05	0.143502
66.0294	7.93457e-05	0.143538
66.0458	7.93457e-05	0.143573
66.0621	7.93457e-05	0.143609
66.0784	7.93457e-05	0.143644
66.0948	7.93457e-05	0.14368
66.1111	7.93457e-05	0.143715
66.1275	7.93457e-05	0.143751
66.1438	7.93457e-05	0.143786
66.1601	7.93457e-05	0.143822
66.1765	7.93457e-05	0.143857
66.1928	7.69043e-05	0.13947
66.2092	7.69043e-05	0.139505
66.2255	7.69043e-05	0.139539
66.2418	7.69043e-05	0.139574
66.2582	7.69043e-05	0.139608
66.2745	7.69043e-05	0.139642
66.2908	7.69043e-05	0.139677
66.3072	7.69043e-05	0.139711
66.3235	7.69043e-05	0.139746
66.3399	7.69043e-05	0.13978
66.3562	7.69043e-05	0.139815
66.3725	7.69043e-05	0.139849
66.3889	7.69043e-05	0.139883
66.4052	7.69043e-05	0.139918
66.4216	7.69043e-05	0.139952
66.4379	7.44629e-05	0.135547
66.4542	7.44629e-05	0.135581
66.4706	7.44629e-05	0.135614
66.4869	7.44629e-05	0.135647
66.5033	7.44629e-05	0.135681
66.5196	7.44629e-05	0.135714
66.5359	7.44629e-05	0.135747
66.5523	7.44629e-05	0.135781
66.5686	7.44629e-05	0.135814
66.585	7.44629e-05	0.135847
66.6013	7.44629e-05	0.135881
66.6176	7.44629e-05	0.135914
66.634	7.44629e-05	0.135947
66.6503	7.44629e-05	0.135981
66.6667	7.44629e-05	0.136014
66.683	7.20215e-05	0.131591
66.6993	7.20215e-05	0.131623
66.7157	7.20215e-05	0.131656
66.732	7.20215e-05	0.131688
66.7484	7.20215e-05	0.13172
66.7647	7.20215e-05	0.131752
66.781	7.20215e-05	0.131785
66.7974	7.20215e-05	0.131817
66.8137	7.20215e-05	0.131849
66.8301	7.20215e-05	0.131881
66.8464	7.20215e-05	0.131913
66.8627	7.20215e-05	0.131946
66.8791	7.20215e-05	0.131978
66.8954	7.20215e-05	0.13201
66.9118	7.20215e-05	0.132042
66.9281	7.20215e-05	0.132075
66.9444	6.95801e-05	0.127633
66.9608	6.95801e-05	0.127664
66.9771	6.95801e-05	0.127695
66.9935	6.95801e-05	0.127726
67.0098	6.95801e-05	0.127757
67.0261	6.95801e-05	0.127789
67.0425	6.95801e-05	0.12782
67.0588	6.95801e-05	0.127851
67.0752	6.95801e-05	0.127882
67.0915	6.95801e-05	0.127913
67.1078	6.95801e-05	0.127944
67.1242	6.95801e-05	0.127975
67.1405	6.95801e-05	0.128007
67.1569	6.95801e-05	0.128038
67.1732	6.95801e-05	0.128069
67.1895	6.95801e-05	0.1281
67.2059	6.95801e-05	0.128131
67.2222	6.95801e-05	0.128162
67.2386	6.71387e-05	0.123699
67.2549	6.71387e-05	0.123729
67.2712	6.71387e-05	0.123759
67.2876	6.71387e-05	0.123789
67.3039	6.71387e-05	0.123819
67.3203	6.71387e-05	0.12385
67.3366	6.71387e-05	0.12388
67.3529	6.71387e-05	0.12391
67.3693	6.71387e-05	0.12394
67.3856	6.71387e-05	0.12397
67.402	6.71387e-05	0.124
67.4183	6.71387e-05	0.12403
67.4346	6.71387e-05	0.12406
67.451	6.71387e-05	0.12409
67.4673	6.71387e-05	0.12412
67.4837	6.71387e-05	0.12415
67.5	6.71387e-05	0.12418
67.5163	6.71387e-05	0.12421
67.5327	6.71387e-05	0.12424
67.549	6.46973e-05	0.119755
67.5654	6.46973e-05	0.119784
67.5817	6.46973e-05	0.119813
67.598	6.46973e-05	0.119842
67.6144	6.46973e-05	0.119871
67.6307	6.46973e-05	0.1199
67.6471	6.46973e-05	0.119929
67.6634	6.46973e-05	0.119958
67.6797	6.46973e-05	0.119987
67.6961	6.46973e-05	0.120016
67.7124	6.46973e-05	0.120045
67.7288	6.46973e-05	0.120074
67.7451	6.46973e-05	0.120103
67.7614	6.46973e-05	0.120132
67.7778	6.46973e-05	0.120161
67.7941	6.46973e-05	0.120189
67.8105	6.46973e-05	0.120218
67.8268	6.46973e-05	0.120247
67.8431	6.46973e-05	0.120276
67.8595	6.46973e-05	0.120305
67.8758	6.22559e-05	0.115797
