#Aext = 0.500000
#AirD = 0.025800
#K = 404.050000
#k3 = 1768000.000000
#k5 = 0.000000
#Scale = 1.050000
43.3	8.08716e-06	0.00835058
43.3258	8.39233e-06	0.00867086
43.3516	8.39233e-06	0.00867603
43.3775	8.39233e-06	0.0086812
43.4033	8.39233e-06	0.00868636
43.4291	8.39233e-06	0.00869153
43.4549	8.39233e-06	0.0086967
43.4807	8.39233e-06	0.00870186
43.5065	8.39233e-06	0.00870703
43.5324	8.39233e-06	0.0087122
43.5582	8.39233e-06	0.00871737
43.584	8.39233e-06	0.00872253
43.6098	8.39233e-06	0.0087277
43.6356	8.39233e-06	0.00873287
43.6615	8.39233e-06	0.00873803
43.6873	8.39233e-06	0.0087432
43.7131	8.39233e-06	0.00874837
43.7389	8.39233e-06	0.00875354
43.7647	8.39233e-06	0.0087587
43.7906	8.39233e-06	0.00876387
43.8164	8.39233e-06	0.00876904
43.8422	8.39233e-06	0.0087742
43.868	8.39233e-06	0.00877937
43.8938	8.39233e-06	0.00878454
43.9196	8.39233e-06	0.0087897
43.9455	8.69751e-06	0.00911468
43.9713	8.69751e-06	0.00912004
43.9971	8.69751e-06	0.00912539
44.0229	8.69751e-06	0.00913075
44.0487	8.69751e-06	0.0091361
44.0746	8.69751e-06	0.00914146
44.1004	8.69751e-06	0.00914681
44.1262	8.69751e-06	0.00915217
44.152	8.69751e-06	0.00915752
44.1778	8.69751e-06	0.00916288
44.2036	8.69751e-06	0.00916823
44.2295	8.69751e-06	0.00917359
44.2553	8.69751e-06	0.00917894
44.2811	8.69751e-06	0.0091843
44.3069	8.69751e-06	0.00918965
44.3327	8.69751e-06	0.00919501
44.3586	8.69751e-06	0.00920036
44.3844	8.69751e-06	0.00920572
44.4102	8.69751e-06	0.00921107
44.436	8.69751e-06	0.00921643
44.4618	8.69751e-06	0.00922178
44.4876	8.69751e-06	0.00922714
44.5135	8.69751e-06	0.00923249
44.5393	9.00269e-06	0.00956198
44.5651	9.00269e-06	0.00956752
44.5909	9.00269e-06	0.00957306
44.6167	9.00269e-06	0.0095786
44.6426	9.00269e-06	0.00958415
44.6684	9.00269e-06	0.00958969
44.6942	9.00269e-06	0.00959523
44.72	9.00269e-06	0.00960078
44.7458	9.00269e-06	0.00960632
44.7717	9.00269e-06	0.00961186
44.7975	9.00269e-06	0.0096174
44.8233	9.00269e-06	0.00962295
44.8491	9.00269e-06	0.00962849
44.8749	9.00269e-06	0.00963403
44.9007	9.00269e-06	0.00963958
44.9266	9.00269e-06	0.00964512
44.9524	9.00269e-06	0.00965066
44.9782	9.00269e-06	0.0096562
45.004	9.00269e-06	0.00966175
45.0298	9.00269e-06	0.00966729
45.0557	9.30786e-06	0.0100007
45.0815	9.30786e-06	0.0100065
45.1073	9.30786e-06	0.0100122
45.1331	9.30786e-06	0.0100179
45.1589	9.30786e-06	0.0100236
45.1847	9.30786e-06	0.0100294
45.2106	9.30786e-06	0.0100351
45.2364	9.30786e-06	0.0100408
45.2622	9.30786e-06	0.0100466
45.288	9.30786e-06	0.0100523
45.3138	9.30786e-06	0.010058
45.3397	9.30786e-06	0.0100638
45.3655	9.30786e-06	0.0100695
45.3913	9.30786e-06	0.0100752
45.4171	9.30786e-06	0.010081
45.4429	9.30786e-06	0.0100867
45.4688	9.30786e-06	0.0100924
45.4946	9.30786e-06	0.0100981
45.5204	9.30786e-06	0.0101039
45.5462	9.61304e-06	0.0104411
45.572	9.61304e-06	0.010447
45.5978	9.61304e-06	0.0104529
45.6237	9.61304e-06	0.0104588
45.6495	9.61304e-06	0.0104647
45.6753	9.61304e-06	0.0104707
45.7011	9.61304e-06	0.0104766
45.7269	9.61304e-06	0.0104825
45.7528	9.61304e-06	0.0104884
45.7786	9.61304e-06	0.0104943
45.8044	9.61304e-06	0.0105002
45.8302	9.61304e-06	0.0105062
45.856	9.61304e-06	0.0105121
45.8818	9.61304e-06	0.010518
45.9077	9.61304e-06	0.0105239
45.9335	9.61304e-06	0.0105298
45.9593	9.61304e-06	0.0105358
45.9851	9.61304e-06	0.0105417
46.0109	9.91821e-06	0.0108824
46.0368	9.91821e-06	0.0108885
46.0626	9.91821e-06	0.0108946
46.0884	9.91821e-06	0.0109008
46.1142	9.91821e-06	0.0109069
46.14	9.91821e-06	0.010913
46.1658	9.91821e-06	0.0109191
46.1917	9.91821e-06	0.0109252
46.2175	9.91821e-06	0.0109313
46.2433	9.91821e-06	0.0109374
46.2691	9.91821e-06	0.0109435
46.2949	9.91821e-06	0.0109496
46.3208	9.91821e-06	0.0109557
46.3466	9.91821e-06	0.0109618
46.3724	9.91821e-06	0.0109679
46.3982	9.91821e-06	0.010974
46.424	9.91821e-06	0.0109801
46.4499	1.02234e-05	0.0113243
46.4757	1.02234e-05	0.0113306
46.5015	1.02234e-05	0.0113369
46.5273	1.02234e-05	0.0113432
46.5531	1.02234e-05	0.0113495
46.5789	1.02234e-05	0.0113558
46.6048	1.02234e-05	0.011362
46.6306	1.02234e-05	0.0113683
46.6564	1.02234e-05	0.0113746
46.6822	1.02234e-05	0.0113809
46.708	1.02234e-05	0.0113872
46.7339	1.02234e-05	0.0113935
46.7597	1.02234e-05	0.0113998
46.7855	1.02234e-05	0.0114061
46.8113	1.02234e-05	0.0114124
46.8371	1.05286e-05	0.0117595
46.8629	1.05286e-05	0.011766
46.8888	1.05286e-05	0.0117725
46.9146	1.05286e-05	0.011779
46.9404	1.05286e-05	0.0117855
46.9662	1.05286e-05	0.011792
46.992	1.05286e-05	0.0117984
47.0179	1.05286e-05	0.0118049
47.0437	1.05286e-05	0.0118114
47.0695	1.05286e-05	0.0118179
47.0953	1.05286e-05	0.0118244
47.1211	1.05286e-05	0.0118309
47.1469	1.05286e-05	0.0118373
47.1728	1.05286e-05	0.0118438
47.1986	1.08337e-05	0.0121938
47.2244	1.08337e-05	0.0122004
47.2502	1.08337e-05	0.0122071
47.276	1.08337e-05	0.0122138
47.3019	1.08337e-05	0.0122205
47.3277	1.08337e-05	0.0122271
47.3535	1.08337e-05	0.0122338
47.3793	1.08337e-05	0.0122405
47.4051	1.08337e-05	0.0122471
47.431	1.08337e-05	0.0122538
47.4568	1.08337e-05	0.0122605
47.4826	1.08337e-05	0.0122672
47.5084	1.08337e-05	0.0122738
47.5342	1.08337e-05	0.0122805
47.56	1.11389e-05	0.0126333
47.5859	1.11389e-05	0.0126401
47.6117	1.11389e-05	0.012647
47.6375	1.11389e-05	0.0126538
47.6633	1.11389e-05	0.0126607
47.6891	1.11389e-05	0.0126676
47.715	1.11389e-05	0.0126744
47.7408	1.11389e-05	0.0126813
47.7666	1.11389e-05	0.0126881
47.7924	1.11389e-05	0.012695
47.8182	1.11389e-05	0.0127019
47.844	1.11389e-05	0.0127087
47.8699	1.11389e-05	0.0127156
47.8957	1.14441e-05	0.013071
47.9215	1.14441e-05	0.013078
47.9473	1.14441e-05	0.0130851
47.9731	1.14441e-05	0.0130921
47.999	1.14441e-05	0.0130992
48.0248	1.14441e-05	0.0131062
48.0506	1.14441e-05	0.0131133
48.0764	1.14441e-05	0.0131203
48.1022	1.14441e-05	0.0131273
48.1281	1.14441e-05	0.0131344
48.1539	1.14441e-05	0.0131414
48.1797	1.14441e-05	0.0131485
48.2055	1.17493e-05	0.0135063
48.2313	1.17493e-05	0.0135136
48.2571	1.17493e-05	0.0135208
48.283	1.17493e-05	0.013528
48.3088	1.17493e-05	0.0135353
48.3346	1.17493e-05	0.0135425
48.3604	1.17493e-05	0.0135497
48.3862	1.17493e-05	0.013557
48.4121	1.17493e-05	0.0135642
48.4379	1.17493e-05	0.0135714
48.4637	1.17493e-05	0.0135787
48.4895	1.20544e-05	0.0139388
48.5153	1.20544e-05	0.0139462
48.5411	1.20544e-05	0.0139536
48.567	1.20544e-05	0.013961
48.5928	1.20544e-05	0.0139685
48.6186	1.20544e-05	0.0139759
48.6444	1.20544e-05	0.0139833
48.6702	1.20544e-05	0.0139907
48.6961	1.20544e-05	0.0139982
48.7219	1.20544e-05	0.0140056
48.7477	1.25122e-05	0.0145451
48.7735	1.25122e-05	0.0145528
48.7993	1.25122e-05	0.0145605
48.8251	1.25122e-05	0.0145682
48.851	1.25122e-05	0.0145759
48.8768	1.25122e-05	0.0145836
48.9026	1.25122e-05	0.0145913
48.9284	1.25122e-05	0.014599
48.9542	1.25122e-05	0.0146067
48.9801	1.25122e-05	0.0146145
49.0059	1.25122e-05	0.0146222
49.0317	1.25122e-05	0.0146299
49.0575	1.25122e-05	0.0146376
49.0833	1.25122e-05	0.0146453
49.1092	1.25122e-05	0.014653
49.135	1.25122e-05	0.0146607
49.1608	1.25122e-05	0.0146684
49.1866	1.25122e-05	0.0146761
49.2124	1.25122e-05	0.0146838
49.2382	1.25122e-05	0.0146915
49.2641	1.31226e-05	0.0154162
49.2899	1.31226e-05	0.0154243
49.3157	1.31226e-05	0.0154324
49.3415	1.31226e-05	0.0154404
49.3673	1.31226e-05	0.0154485
49.3932	1.31226e-05	0.0154566
49.419	1.31226e-05	0.0154647
49.4448	1.31226e-05	0.0154728
49.4706	1.31226e-05	0.0154808
49.4964	1.31226e-05	0.0154889
49.5222	1.31226e-05	0.015497
49.5481	1.31226e-05	0.0155051
49.5739	1.31226e-05	0.0155132
49.5997	1.31226e-05	0.0155212
49.6255	1.31226e-05	0.0155293
49.6513	1.31226e-05	0.0155374
49.6772	1.31226e-05	0.0155455
49.703	1.31226e-05	0.0155536
49.7288	1.37329e-05	0.0162854
49.7546	1.37329e-05	0.0162939
49.7804	1.37329e-05	0.0163023
49.8062	1.37329e-05	0.0163108
49.8321	1.37329e-05	0.0163192
49.8579	1.37329e-05	0.0163277
49.8837	1.37329e-05	0.0163361
49.9095	1.37329e-05	0.0163446
49.9353	1.37329e-05	0.016353
49.9612	1.37329e-05	0.0163615
49.987	1.37329e-05	0.01637
50.0128	1.37329e-05	0.0163784
50.0386	1.37329e-05	0.0163869
50.0644	1.37329e-05	0.0163953
50.0903	1.37329e-05	0.0164038
50.1161	1.37329e-05	0.0164122
50.1419	1.43433e-05	0.0171505
50.1677	1.43433e-05	0.0171593
50.1935	1.43433e-05	0.0171681
50.2193	1.43433e-05	0.017177
50.2452	1.43433e-05	0.0171858
50.271	1.43433e-05	0.0171946
50.2968	1.43433e-05	0.0172035
50.3226	1.43433e-05	0.0172123
50.3484	1.43433e-05	0.0172211
50.3743	1.43433e-05	0.0172299
50.4001	1.43433e-05	0.0172388
50.4259	1.43433e-05	0.0172476
50.4517	1.43433e-05	0.0172564
50.4775	1.43433e-05	0.0172653
50.5033	1.49536e-05	0.0180091
50.5292	1.49536e-05	0.0180183
50.555	1.49536e-05	0.0180276
50.5808	1.49536e-05	0.0180368
50.6066	1.49536e-05	0.018046
50.6324	1.49536e-05	0.0180552
50.6583	1.49536e-05	0.0180644
50.6841	1.49536e-05	0.0180736
50.7099	1.49536e-05	0.0180828
50.7357	1.49536e-05	0.018092
50.7615	1.49536e-05	0.0181012
50.7874	1.49536e-05	0.0181104
50.8132	1.49536e-05	0.0181196
50.839	1.5564e-05	0.0188687
50.8648	1.5564e-05	0.0188783
50.8906	1.5564e-05	0.0188879
50.9164	1.5564e-05	0.0188975
50.9423	1.5564e-05	0.0189071
50.9681	1.5564e-05	0.0189167
50.9939	1.5564e-05	0.0189262
51.0197	1.5564e-05	0.0189358
51.0455	1.5564e-05	0.0189454
51.0714	1.5564e-05	0.018955
51.0972	1.5564e-05	0.0189646
51.123	1.5564e-05	0.0189742
51.1488	1.5564e-05	0.0189837
51.1746	1.61743e-05	0.0197381
51.2004	1.61743e-05	0.0197481
51.2263	1.61743e-05	0.019758
51.2521	1.61743e-05	0.019768
51.2779	1.61743e-05	0.019778
51.3037	1.61743e-05	0.0197879
51.3295	1.61743e-05	0.0197979
51.3554	1.61743e-05	0.0198078
51.3812	1.61743e-05	0.0198178
51.407	1.61743e-05	0.0198277
51.4328	1.61743e-05	0.0198377
51.4586	1.67847e-05	0.0205966
51.4844	1.67847e-05	0.0206069
51.5103	1.67847e-05	0.0206173
51.5361	1.67847e-05	0.0206276
51.5619	1.67847e-05	0.0206379
51.5877	1.67847e-05	0.0206483
51.6135	1.67847e-05	0.0206586
51.6394	1.67847e-05	0.0206689
51.6652	1.67847e-05	0.0206793
51.691	1.67847e-05	0.0206896
51.7168	1.7395e-05	0.0214526
51.7426	1.7395e-05	0.0214633
51.7685	1.7395e-05	0.021474
51.7943	1.7395e-05	0.0214847
51.8201	1.7395e-05	0.0214955
51.8459	1.7395e-05	0.0215062
51.8717	1.7395e-05	0.0215169
51.8975	1.7395e-05	0.0215276
51.9234	1.7395e-05	0.0215383
51.9492	1.7395e-05	0.021549
51.975	1.80054e-05	0.0223162
52.0008	1.80054e-05	0.0223272
52.0266	1.80054e-05	0.0223383
52.0525	1.80054e-05	0.0223494
52.0783	1.80054e-05	0.0223605
52.1041	1.80054e-05	0.0223716
52.1299	1.80054e-05	0.0223827
52.1557	1.80054e-05	0.0223938
52.1815	1.80054e-05	0.0224048
52.2074	1.86157e-05	0.0231757
52.2332	1.86157e-05	0.0231872
52.259	1.86157e-05	0.0231987
52.2848	1.86157e-05	0.0232101
52.3106	1.86157e-05	0.0232216
52.3365	1.86157e-05	0.023233
52.3623	1.86157e-05	0.0232445
52.3881	1.86157e-05	0.023256
52.4139	1.92261e-05	0.0240302
52.4397	1.92261e-05	0.0240421
52.4656	1.92261e-05	0.0240539
52.4914	1.92261e-05	0.0240658
52.5172	1.92261e-05	0.0240776
52.543	1.92261e-05	0.0240894
52.5688	1.92261e-05	0.0241013
52.5946	1.92261e-05	0.0241131
52.6205	1.98364e-05	0.0248908
52.6463	1.98364e-05	0.024903
52.6721	1.98364e-05	0.0249152
52.6979	1.98364e-05	0.0249274
52.7237	1.98364e-05	0.0249396
52.7496	1.98364e-05	0.0249518
52.7754	1.98364e-05	0.024964
52.8012	2.04468e-05	0.0257447
52.827	2.04468e-05	0.0257573
52.8528	2.04468e-05	0.0257699
52.8786	2.04468e-05	0.0257825
52.9045	2.04468e-05	0.025795
52.9303	2.04468e-05	0.0258076
52.9561	2.04468e-05	0.0258202
52.9819	2.10571e-05	0.0266039
53.0077	2.10571e-05	0.0266168
53.0336	2.10571e-05	0.0266298
53.0594	2.10571e-05	0.0266428
53.0852	2.10571e-05	0.0266557
53.111	2.10571e-05	0.0266687
53.1368	2.16675e-05	0.027455
53.1626	2.16675e-05	0.0274683
53.1885	2.16675e-05	0.0274817
53.2143	2.16675e-05	0.027495
53.2401	2.16675e-05	0.0275083
53.2659	2.16675e-05	0.0275217
53.2917	2.22778e-05	0.0283106
53.3176	2.22778e-05	0.0283243
53.3434	2.22778e-05	0.028338
53.3692	2.22778e-05	0.0283517
53.395	2.22778e-05	0.0283654
53.4208	2.22778e-05	0.0283792
53.4467	2.28882e-05	0.0291707
53.4725	2.28882e-05	0.0291848
53.4983	2.28882e-05	0.0291989
53.5241	2.28882e-05	0.029213
53.5499	2.28882e-05	0.0292271
53.5757	2.28882e-05	0.0292411
53.6016	2.34985e-05	0.0300353
53.6274	2.34985e-05	0.0300498
53.6532	2.34985e-05	0.0300642
53.679	2.34985e-05	0.0300787
53.7048	2.34985e-05	0.0300932
53.7307	2.41089e-05	0.0308896
53.7565	2.41089e-05	0.0309044
53.7823	2.41089e-05	0.0309193
53.8081	2.41089e-05	0.0309341
53.8339	2.50244e-05	0.0321241
53.8597	2.50244e-05	0.0321395
53.8856	2.50244e-05	0.0321549
53.9114	2.50244e-05	0.0321703
53.9372	2.50244e-05	0.0321857
53.963	2.50244e-05	0.0322011
53.9888	2.50244e-05	0.0322165
54.0147	2.50244e-05	0.0322319
54.0405	2.50244e-05	0.0322473
54.0663	2.62451e-05	0.0338363
54.0921	2.62451e-05	0.0338525
54.1179	2.62451e-05	0.0338687
54.1437	2.62451e-05	0.0338848
54.1696	2.62451e-05	0.033901
54.1954	2.62451e-05	0.0339171
54.2212	2.62451e-05	0.0339333
54.247	2.62451e-05	0.0339495
54.2728	2.62451e-05	0.0339656
54.2987	2.74658e-05	0.0355621
54.3245	2.74658e-05	0.035579
54.3503	2.74658e-05	0.0355959
54.3761	2.74658e-05	0.0356128
54.4019	2.74658e-05	0.0356297
54.4278	2.74658e-05	0.0356467
54.4536	2.74658e-05	0.0356636
54.4794	2.86865e-05	0.037266
54.5052	2.86865e-05	0.0372837
54.531	2.86865e-05	0.0373014
54.5568	2.86865e-05	0.037319
54.5827	2.86865e-05	0.0373367
54.6085	2.86865e-05	0.0373543
54.6343	2.86865e-05	0.037372
54.6601	2.99072e-05	0.0389805
54.6859	2.99072e-05	0.0389989
54.7118	2.99072e-05	0.0390173
54.7376	2.99072e-05	0.0390357
54.7634	2.99072e-05	0.0390541
54.7892	2.99072e-05	0.0390725
54.815	3.11279e-05	0.0406862
54.8408	3.11279e-05	0.0407054
54.8667	3.11279e-05	0.0407245
54.8925	3.11279e-05	0.0407437
54.9183	3.11279e-05	0.0407629
54.9441	3.11279e-05	0.040782
54.9699	3.23486e-05	0.0424009
54.9958	3.23486e-05	0.0424209
55.0216	3.23486e-05	0.0424408
55.0474	3.23486e-05	0.0424607
55.0732	3.23486e-05	0.0424806
55.099	3.35693e-05	0.044104
55.1249	3.35693e-05	0.0441247
55.1507	3.35693e-05	0.0441453
55.1765	3.35693e-05	0.044166
55.2023	3.35693e-05	0.0441866
55.2281	3.479e-05	0.0458145
55.2539	3.479e-05	0.0458359
55.2798	3.479e-05	0.0458573
55.3056	3.479e-05	0.0458788
55.3314	3.479e-05	0.0459002
55.3572	3.60107e-05	0.0475325
55.383	3.60107e-05	0.0475547
55.4089	3.60107e-05	0.0475768
55.4347	3.60107e-05	0.047599
55.4605	3.72314e-05	0.0492351
55.4863	3.72314e-05	0.049258
55.5121	3.72314e-05	0.0492809
55.5379	3.72314e-05	0.0493038
55.5638	3.84521e-05	0.0509436
55.5896	3.84521e-05	0.0509673
55.6154	3.84521e-05	0.0509909
55.6412	3.84521e-05	0.0510146
55.667	3.96729e-05	0.0526581
55.6929	3.96729e-05	0.0526825
55.7187	3.96729e-05	0.0527069
55.7445	4.08936e-05	0.0543534
55.7703	4.08936e-05	0.0543785
55.7961	4.08936e-05	0.0544037
55.8219	4.08936e-05	0.0544289
55.8478	4.21143e-05	0.056079
55.8736	4.21143e-05	0.056105
55.8994	4.21143e-05	0.0561309
55.9252	4.3335e-05	0.057784
55.951	4.3335e-05	0.0578107
55.9769	4.3335e-05	0.0578374
56.0027	4.45557e-05	0.0594934
56.0285	4.45557e-05	0.0595209
56.0543	4.57764e-05	0.0611791
56.0801	4.57764e-05	0.0612073
56.106	4.57764e-05	0.0612355
56.1318	4.69971e-05	0.0628967
56.1576	4.69971e-05	0.0629257
56.1834	4.69971e-05	0.0629546
56.2092	4.82178e-05	0.0646188
56.235	4.82178e-05	0.0646484
56.2609	5.00488e-05	0.0671332
56.2867	5.00488e-05	0.067164
56.3125	5.00488e-05	0.0671948
56.3383	5.00488e-05	0.0672256
56.3641	5.24902e-05	0.0705356
56.39	5.24902e-05	0.0705679
56.4158	5.24902e-05	0.0706002
56.4416	5.24902e-05	0.0706325
56.4674	5.24902e-05	0.0706648
56.4932	5.49316e-05	0.0739836
56.519	5.49316e-05	0.0740174
56.5449	5.49316e-05	0.0740512
56.5707	5.7373e-05	0.0773758
56.5965	5.7373e-05	0.0774111
56.6223	5.7373e-05	0.0774464
56.6481	5.7373e-05	0.0774817
56.674	5.98145e-05	0.0808136
56.6998	5.98145e-05	0.0808504
56.7256	5.98145e-05	0.0808872
56.7514	6.22559e-05	0.0842247
56.7772	6.22559e-05	0.0842631
56.8031	6.22559e-05	0.0843014
56.8289	6.46973e-05	0.0876447
56.8547	6.46973e-05	0.0876845
56.8805	6.46973e-05	0.0877243
56.9063	6.71387e-05	0.0910733
56.9321	6.71387e-05	0.0911146
56.958	6.95801e-05	0.0944679
56.9838	6.95801e-05	0.0945107
57.0096	6.95801e-05	0.0945535
57.0354	7.20215e-05	0.0979124
57.0612	7.20215e-05	0.0979567
57.0871	7.44629e-05	0.10132
57.1129	7.44629e-05	0.101366
57.1387	7.69043e-05	0.104733
57.1645	7.69043e-05	0.10478
57.1903	7.93457e-05	0.108152
57.2161	7.93457e-05	0.108201
57.242	8.17871e-05	0.111576
57.2678	8.17871e-05	0.111626
57.2936	8.42285e-05	0.115006
57.3194	8.42285e-05	0.115058
57.3452	8.66699e-05	0.118442
57.3711	8.91113e-05	0.121828
57.3969	8.91113e-05	0.121883
57.4227	9.15527e-05	0.125274
57.4485	9.39941e-05	0.128667
57.4743	9.39941e-05	0.128725
57.5001	9.64355e-05	0.132122
57.526	0.000100098	0.137192
57.5518	0.000100098	0.137254
57.5776	0.000100098	0.137315
57.6034	0.00010498	0.144065
57.6292	0.00010498	0.144129
57.6551	0.000109863	0.150886
57.6809	0.000109863	0.150954
57.7067	0.000109863	0.151021
57.7325	0.000114746	0.157788
57.7583	0.000114746	0.157859
57.7842	0.000119629	0.164633
57.81	0.000119629	0.164706
57.8358	0.000124512	0.171487
57.8616	0.000124512	0.171564
57.8874	0.000124512	0.17164
57.9132	0.000129395	0.178431
57.9391	0.000129395	0.17851
57.9649	0.000134277	0.185308
57.9907	0.000134277	0.18539
58.0165	0.00013916	0.192194
58.0423	0.00013916	0.192279
58.0682	0.000144043	0.19909
58.094	0.000144043	0.199178
58.1198	0.000148926	0.205995
58.1456	0.000148926	0.206086
58.1714	0.000148926	0.206178
58.1972	0.000153809	0.213004
58.2231	0.000153809	0.213098
58.2489	0.000153809	0.213193
58.2747	0.000153809	0.213287
58.3005	0.000158691	0.220125
58.3263	0.000158691	0.220223
58.3522	0.000158691	0.22032
58.378	0.000158691	0.220418
58.4038	0.000158691	0.220515
58.4296	0.000158691	0.220613
58.4554	0.000158691	0.22071
58.4812	0.000158691	0.220808
58.5071	0.000158691	0.220905
58.5329	0.000153809	0.214232
58.5587	0.000153809	0.214327
58.5845	0.000153809	0.214421
58.6103	0.000153809	0.214516
58.6362	0.000148926	0.207825
58.662	0.000148926	0.207916
58.6878	0.000144043	0.201214
58.7136	0.000144043	0.201303
58.7394	0.000144043	0.201391
58.7653	0.00013916	0.194674
58.7911	0.00013916	0.19476
58.8169	0.000134277	0.188031
58.8427	0.000134277	0.188114
58.8685	0.000129395	0.181374
58.8943	0.000129395	0.181454
58.9202	0.000124512	0.174702
58.946	0.000124512	0.174779
58.9718	0.000119629	0.168017
58.9976	0.000119629	0.16809
59.0234	0.000114746	0.161317
59.0493	0.000114746	0.161387
59.0751	0.000114746	0.161458
59.1009	0.000109863	0.15467
59.1267	0.000109863	0.154738
59.1525	0.00010498	0.147939
59.1783	0.00010498	0.148004
59.2042	0.000100098	0.141194
59.23	0.000100098	0.141256
59.2558	0.000100098	0.141317
59.2816	9.64355e-05	0.136215
59.3074	9.39941e-05	0.13283
59.3333	9.39941e-05	0.132888
59.3591	9.15527e-05	0.129498
59.3849	8.91113e-05	0.126105
59.4107	8.91113e-05	0.12616
59.4365	8.66699e-05	0.122761
59.4624	8.42285e-05	0.11936
59.4882	8.42285e-05	0.119411
59.514	8.17871e-05	0.116005
59.5398	8.17871e-05	0.116055
59.5656	7.93457e-05	0.112644
59.5914	7.93457e-05	0.112692
59.6173	7.69043e-05	0.109276
59.6431	7.69043e-05	0.109323
59.6689	7.44629e-05	0.105902
59.6947	7.44629e-05	0.105948
59.7205	7.20215e-05	0.102522
59.7464	7.20215e-05	0.102566
59.7722	6.95801e-05	0.0991354
59.798	6.95801e-05	0.0991782
59.8238	6.71387e-05	0.0957425
59.8496	6.71387e-05	0.0957838
59.8754	6.71387e-05	0.0958251
59.9013	6.46973e-05	0.0923831
59.9271	6.46973e-05	0.0924229
59.9529	6.22559e-05	0.0889761
59.9787	6.22559e-05	0.0890144
60.0045	6.22559e-05	0.0890527
60.0304	5.98145e-05	0.0855996
60.0562	5.98145e-05	0.0856364
60.082	5.98145e-05	0.0856732
60.1078	5.7373e-05	0.0822138
60.1336	5.7373e-05	0.0822491
60.1594	5.7373e-05	0.0822844
60.1853	5.49316e-05	0.0788187
60.2111	5.49316e-05	0.0788525
60.2369	5.49316e-05	0.0788863
60.2627	5.49316e-05	0.0789202
60.2885	5.24902e-05	0.0754467
60.3144	5.24902e-05	0.075479
60.3402	5.24902e-05	0.0755113
60.366	5.24902e-05	0.0755436
60.3918	5.00488e-05	0.0720624
60.4176	5.00488e-05	0.0720932
60.4435	5.00488e-05	0.072124
60.4693	5.00488e-05	0.0721548
60.4951	4.82178e-05	0.0695458
60.5209	4.82178e-05	0.0695755
60.5467	4.69971e-05	0.0678438
60.5725	4.69971e-05	0.0678727
60.5984	4.57764e-05	0.0661386
60.6242	4.57764e-05	0.0661668
60.65	4.57764e-05	0.066195
60.6758	4.45557e-05	0.0644579
60.7016	4.45557e-05	0.0644853
60.7275	4.3335e-05	0.0627458
60.7533	4.3335e-05	0.0627725
60.7791	4.3335e-05	0.0627992
60.8049	4.21143e-05	0.0610567
60.8307	4.21143e-05	0.0610826
60.8565	4.21143e-05	0.0611086
60.8824	4.08936e-05	0.059363
60.9082	4.08936e-05	0.0593882
60.934	4.08936e-05	0.0594134
60.9598	3.96729e-05	0.0576648
60.9856	3.96729e-05	0.0576892
61.0115	3.96729e-05	0.0577136
61.0373	3.84521e-05	0.055962
61.0631	3.84521e-05	0.0559856
61.0889	3.84521e-05	0.0560093
61.1147	3.84521e-05	0.056033
61.1406	3.72314e-05	0.0542775
61.1664	3.72314e-05	0.0543005
61.1922	3.72314e-05	0.0543234
61.218	3.60107e-05	0.0525649
61.2438	3.60107e-05	0.052587
61.2696	3.60107e-05	0.0526092
61.2955	3.60107e-05	0.0526314
61.3213	3.479e-05	0.0508691
61.3471	3.479e-05	0.0508905
61.3729	3.479e-05	0.0509119
61.3987	3.479e-05	0.0509333
61.4246	3.35693e-05	0.0491672
61.4504	3.35693e-05	0.0491879
61.4762	3.35693e-05	0.0492086
61.502	3.35693e-05	0.0492292
61.5278	3.35693e-05	0.0492499
61.5536	3.23486e-05	0.0474793
61.5795	3.23486e-05	0.0474992
61.6053	3.23486e-05	0.0475191
61.6311	3.23486e-05	0.047539
61.6569	3.23486e-05	0.0475589
61.6827	3.11279e-05	0.0457837
61.7086	3.11279e-05	0.0458029
61.7344	3.11279e-05	0.0458221
61.7602	3.11279e-05	0.0458412
61.786	3.11279e-05	0.0458604
61.8118	2.99072e-05	0.0440807
61.8376	2.99072e-05	0.0440991
61.8635	2.99072e-05	0.0441175
61.8893	2.99072e-05	0.0441359
61.9151	2.99072e-05	0.0441543
61.9409	2.86865e-05	0.04237
61.9667	2.86865e-05	0.0423877
61.9926	2.86865e-05	0.0424053
62.0184	2.86865e-05	0.042423
62.0442	2.86865e-05	0.0424407
62.07	2.86865e-05	0.0424583
62.0958	2.74658e-05	0.0406687
62.1217	2.74658e-05	0.0406857
62.1475	2.74658e-05	0.0407026
62.1733	2.74658e-05	0.0407195
62.1991	2.74658e-05	0.0407364
62.2249	2.74658e-05	0.0407533
62.2507	2.74658e-05	0.0407702
62.2766	2.62451e-05	0.0389746
62.3024	2.62451e-05	0.0389907
62.3282	2.62451e-05	0.0390069
62.354	2.62451e-05	0.0390231
62.3798	2.62451e-05	0.0390392
62.4057	2.62451e-05	0.0390554
62.4315	2.62451e-05	0.0390715
62.4573	2.50244e-05	0.0372699
62.4831	2.50244e-05	0.0372853
62.5089	2.50244e-05	0.0373007
62.5347	2.50244e-05	0.0373161
62.5606	2.50244e-05	0.0373315
62.5864	2.50244e-05	0.0373469
62.6122	2.50244e-05	0.0373623
62.638	2.41089e-05	0.0360104
62.6638	2.41089e-05	0.0360252
62.6897	2.41089e-05	0.0360401
62.7155	2.41089e-05	0.0360549
62.7413	2.41089e-05	0.0360698
62.7671	2.34985e-05	0.0351712
62.7929	2.34985e-05	0.0351856
62.8187	2.34985e-05	0.0352001
62.8446	2.34985e-05	0.0352146
62.8704	2.28882e-05	0.0343141
62.8962	2.28882e-05	0.0343282
62.922	2.28882e-05	0.0343423
62.9478	2.28882e-05	0.0343564
62.9737	2.28882e-05	0.0343704
62.9995	2.22778e-05	0.0334677
63.0253	2.22778e-05	0.0334814
63.0511	2.22778e-05	0.0334951
63.0769	2.22778e-05	0.0335088
63.1028	2.16675e-05	0.0326042
63.1286	2.16675e-05	0.0326176
63.1544	2.16675e-05	0.0326309
63.1802	2.16675e-05	0.0326442
63.206	2.16675e-05	0.0326576
63.2318	2.10571e-05	0.0317507
63.2577	2.10571e-05	0.0317636
63.2835	2.10571e-05	0.0317766
63.3093	2.10571e-05	0.0317896
63.3351	2.10571e-05	0.0318025
63.3609	2.10571e-05	0.0318155
63.3868	2.04468e-05	0.030906
63.4126	2.04468e-05	0.0309186
63.4384	2.04468e-05	0.0309312
63.4642	2.04468e-05	0.0309437
63.49	2.04468e-05	0.0309563
63.5158	2.04468e-05	0.0309689
63.5417	1.98364e-05	0.0300568
63.5675	1.98364e-05	0.030069
63.5933	1.98364e-05	0.0300812
63.6191	1.98364e-05	0.0300934
63.6449	1.98364e-05	0.0301056
63.6708	1.98364e-05	0.0301178
63.6966	1.92261e-05	0.029203
63.7224	1.92261e-05	0.0292148
63.7482	1.92261e-05	0.0292267
63.774	1.92261e-05	0.0292385
63.7999	1.92261e-05	0.0292504
63.8257	1.92261e-05	0.0292622
63.8515	1.86157e-05	0.0283448
63.8773	1.86157e-05	0.0283562
63.9031	1.86157e-05	0.0283677
63.9289	1.86157e-05	0.0283791
63.9548	1.86157e-05	0.0283906
63.9806	1.86157e-05	0.0284021
64.0064	1.86157e-05	0.0284135
64.0322	1.80054e-05	0.0274931
64.058	1.80054e-05	0.0275042
64.0839	1.80054e-05	0.0275152
64.1097	1.80054e-05	0.0275263
64.1355	1.80054e-05	0.0275374
64.1613	1.80054e-05	0.0275485
64.1871	1.80054e-05	0.0275596
64.2129	1.7395e-05	0.0266361
64.2388	1.7395e-05	0.0266468
64.2646	1.7395e-05	0.0266575
64.2904	1.7395e-05	0.0266683
64.3162	1.7395e-05	0.026679
64.342	1.7395e-05	0.0266897
64.3679	1.7395e-05	0.0267004
64.3937	1.7395e-05	0.0267111
64.4195	1.67847e-05	0.0257842
64.4453	1.67847e-05	0.0257946
64.4711	1.67847e-05	0.0258049
64.4969	1.67847e-05	0.0258153
64.5228	1.67847e-05	0.0258256
64.5486	1.67847e-05	0.0258359
64.5744	1.67847e-05	0.0258463
64.6002	1.67847e-05	0.0258566
64.626	1.61743e-05	0.0249264
64.6519	1.61743e-05	0.0249363
64.6777	1.61743e-05	0.0249463
64.7035	1.61743e-05	0.0249562
64.7293	1.61743e-05	0.0249662
64.7551	1.61743e-05	0.0249761
64.781	1.61743e-05	0.0249861
64.8068	1.61743e-05	0.0249961
64.8326	1.61743e-05	0.025006
64.8584	1.5564e-05	0.024072
64.8842	1.5564e-05	0.0240816
64.91	1.5564e-05	0.0240912
64.9359	1.5564e-05	0.0241008
64.9617	1.5564e-05	0.0241103
64.9875	1.5564e-05	0.0241199
65.0133	1.5564e-05	0.0241295
65.0391	1.5564e-05	0.0241391
65.065	1.5564e-05	0.0241487
65.0908	1.5564e-05	0.0241583
65.1166	1.49536e-05	0.0232201
65.1424	1.49536e-05	0.0232293
65.1682	1.49536e-05	0.0232385
65.194	1.49536e-05	0.0232477
65.2199	1.49536e-05	0.0232569
65.2457	1.49536e-05	0.0232662
65.2715	1.49536e-05	0.0232754
65.2973	1.49536e-05	0.0232846
65.3231	1.49536e-05	0.0232938
65.349	1.49536e-05	0.023303
65.3748	1.43433e-05	0.0223607
65.4006	1.43433e-05	0.0223695
65.4264	1.43433e-05	0.0223784
65.4522	1.43433e-05	0.0223872
65.4781	1.43433e-05	0.022396
65.5039	1.43433e-05	0.0224049
65.5297	1.43433e-05	0.0224137
65.5555	1.43433e-05	0.0224225
65.5813	1.43433e-05	0.0224314
65.6071	1.43433e-05	0.0224402
65.633	1.43433e-05	0.022449
65.6588	1.37329e-05	0.0215022
65.6846	1.37329e-05	0.0215107
65.7104	1.37329e-05	0.0215191
65.7362	1.37329e-05	0.0215276
65.7621	1.37329e-05	0.021536
65.7879	1.37329e-05	0.0215445
65.8137	1.37329e-05	0.021553
65.8395	1.37329e-05	0.0215614
65.8653	1.37329e-05	0.0215699
65.8911	1.37329e-05	0.0215783
65.917	1.37329e-05	0.0215868
65.9428	1.37329e-05	0.0215952
65.9686	1.31226e-05	0.0206436
65.9944	1.31226e-05	0.0206516
66.0202	1.31226e-05	0.0206597
66.0461	1.31226e-05	0.0206678
66.0719	1.31226e-05	0.0206759
66.0977	1.31226e-05	0.020684
66.1235	1.31226e-05	0.020692
66.1493	1.31226e-05	0.0207001
66.1751	1.31226e-05	0.0207082
66.201	1.31226e-05	0.0207163
66.2268	1.31226e-05	0.0207244
66.2526	1.31226e-05	0.0207324
66.2784	1.31226e-05	0.0207405
66.3042	1.25122e-05	0.0197836
66.3301	1.25122e-05	0.0197913
66.3559	1.25122e-05	0.019799
66.3817	1.25122e-05	0.0198067
66.4075	1.25122e-05	0.0198144
66.4333	1.25122e-05	0.0198221
66.4592	1.25122e-05	0.0198298
66.485	1.25122e-05	0.0198375
66.5108	1.25122e-05	0.0198452
66.5366	1.25122e-05	0.0198529
66.5624	1.25122e-05	0.0198606
66.5882	1.25122e-05	0.0198683
66.6141	1.25122e-05	0.019876
66.6399	1.25122e-05	0.0198837
66.6657	1.25122e-05	0.0198914
66.6915	1.20544e-05	0.0191711
66.7173	1.20544e-05	0.0191785
66.7432	1.20544e-05	0.019186
66.769	1.20544e-05	0.0191934
66.7948	1.20544e-05	0.0192008
66.8206	1.20544e-05	0.0192082
66.8464	1.20544e-05	0.0192157
66.8722	1.17493e-05	0.0187364
66.8981	1.17493e-05	0.0187437
66.9239	1.17493e-05	0.0187509
66.9497	1.17493e-05	0.0187581
66.9755	1.17493e-05	0.0187654
67.0013	1.17493e-05	0.0187726
67.0272	1.17493e-05	0.0187798
67.053	1.17493e-05	0.0187871
67.0788	1.17493e-05	0.0187943
67.1046	1.14441e-05	0.0183132
67.1304	1.14441e-05	0.0183202
67.1562	1.14441e-05	0.0183273
67.1821	1.14441e-05	0.0183343
67.2079	1.14441e-05	0.0183414
67.2337	1.14441e-05	0.0183484
67.2595	1.14441e-05	0.0183555
67.2853	1.14441e-05	0.0183625
67.3112	1.11389e-05	0.0178797
67.337	1.11389e-05	0.0178866
67.3628	1.11389e-05	0.0178934
67.3886	1.11389e-05	0.0179003
67.4144	1.11389e-05	0.0179071
67.4403	1.11389e-05	0.017914
67.4661	1.11389e-05	0.0179209
67.4919	1.11389e-05	0.0179277
67.5177	1.11389e-05	0.0179346
67.5435	1.08337e-05	0.0174499
67.5693	1.08337e-05	0.0174566
67.5952	1.08337e-05	0.0174632
67.621	1.08337e-05	0.0174699
67.6468	1.08337e-05	0.0174766
67.6726	1.08337e-05	0.0174833
67.6984	1.08337e-05	0.0174899
67.7243	1.08337e-05	0.0174966
67.7501	1.08337e-05	0.0175033
67.7759	1.08337e-05	0.0175099
67.8017	1.05286e-05	0.0170232
67.8275	1.05286e-05	0.0170297
67.8533	1.05286e-05	0.0170362
67.8792	1.05286e-05	0.0170426
67.905	1.05286e-05	0.0170491
67.9308	1.05286e-05	0.0170556
67.9566	1.05286e-05	0.0170621
67.9824	1.05286e-05	0.0170686
68.0083	1.05286e-05	0.017075
68.0341	1.05286e-05	0.0170815
68.0599	1.02234e-05	0.0165927
68.0857	1.02234e-05	0.016599
68.1115	1.02234e-05	0.0166053
68.1374	1.02234e-05	0.0166116
68.1632	1.02234e-05	0.0166179
68.189	1.02234e-05	0.0166242
68.2148	1.02234e-05	0.0166305
68.2406	1.02234e-05	0.0166368
68.2664	1.02234e-05	0.0166431
68.2923	1.02234e-05	0.0166494
68.3181	9.91821e-06	0.0161585
68.3439	9.91821e-06	0.0161646
68.3697	9.91821e-06	0.0161707
68.3955	9.91821e-06	0.0161768
68.4214	9.91821e-06	0.0161829
68.4472	9.91821e-06	0.016189
68.473	9.91821e-06	0.0161951
68.4988	9.91821e-06	0.0162012
68.5246	9.91821e-06	0.0162073
68.5504	9.91821e-06	0.0162134
68.5763	9.91821e-06	0.0162196
68.6021	9.61304e-06	0.0157264
68.6279	9.61304e-06	0.0157323
68.6537	9.61304e-06	0.0157383
68.6795	9.61304e-06	0.0157442
68.7054	9.61304e-06	0.0157501
68.7312	9.61304e-06	0.015756
68.757	9.61304e-06	0.0157619
68.7828	9.61304e-06	0.0157678
68.8086	9.61304e-06	0.0157738
68.8344	9.61304e-06	0.0157797
68.8603	9.61304e-06	0.0157856
68.8861	9.61304e-06	0.0157915
68.9119	9.30786e-06	0.0152959
68.9377	9.30786e-06	0.0153017
68.9635	9.30786e-06	0.0153074
68.9894	9.30786e-06	0.0153131
69.0152	9.30786e-06	0.0153189
69.041	9.30786e-06	0.0153246
69.0668	9.30786e-06	0.0153303
69.0926	9.30786e-06	0.0153361
69.1185	9.30786e-06	0.0153418
69.1443	9.30786e-06	0.0153475
69.1701	9.30786e-06	0.0153533
69.1959	9.30786e-06	0.015359
69.2217	9.30786e-06	0.0153647
69.2475	9.00269e-06	0.0148665
69.2734	9.00269e-06	0.014872
69.2992	9.00269e-06	0.0148776
69.325	9.00269e-06	0.0148831
69.3508	9.00269e-06	0.0148887
69.3766	9.00269e-06	0.0148942
69.4025	9.00269e-06	0.0148998
69.4283	9.00269e-06	0.0149053
69.4541	9.00269e-06	0.0149108
69.4799	9.00269e-06	0.0149164
69.5057	9.00269e-06	0.0149219
69.5315	9.00269e-06	0.0149275
69.5574	9.00269e-06	0.014933
69.5832	8.69751e-06	0.0144322
69.609	8.69751e-06	0.0144375
69.6348	8.69751e-06	0.0144429
69.6606	8.69751e-06	0.0144482
69.6865	8.69751e-06	0.0144536
69.7123	8.69751e-06	0.0144589
69.7381	8.69751e-06	0.0144643
69.7639	8.69751e-06	0.0144697
69.7897	8.69751e-06	0.014475
69.8156	8.69751e-06	0.0144804
69.8414	8.69751e-06	0.0144857
69.8672	8.69751e-06	0.0144911
69.893	8.69751e-06	0.0144964
69.9188	8.69751e-06	0.0145018
69.9446	8.39233e-06	0.0139981
69.9705	8.39233e-06	0.0140033
69.9963	8.39233e-06	0.0140085
70.0221	8.39233e-06	0.0140136
70.0479	8.39233e-06	0.0140188
70.0737	8.39233e-06	0.014024
70.0996	8.39233e-06	0.0140291
70.1254	8.39233e-06	0.0140343
70.1512	8.39233e-06	0.0140395
70.177	8.39233e-06	0.0140446
70.2028	8.39233e-06	0.0140498
70.2286	8.39233e-06	0.014055
70.2545	8.39233e-06	0.0140601
70.2803	8.39233e-06	0.0140653
70.3061	8.39233e-06	0.0140705
70.3319	8.08716e-06	0.0135638
70.3577	8.08716e-06	0.0135688
70.3836	8.08716e-06	0.0135738
70.4094	8.08716e-06	0.0135787
70.4352	8.08716e-06	0.0135837
70.461	8.08716e-06	0.0135887
70.4868	8.08716e-06	0.0135937
70.5126	8.08716e-06	0.0135987
70.5385	8.08716e-06	0.0136036
70.5643	8.08716e-06	0.0136086
70.5901	8.08716e-06	0.0136136
70.6159	8.08716e-06	0.0136186
70.6417	8.08716e-06	0.0136235
70.6676	8.08716e-06	0.0136285
70.6934	8.08716e-06	0.0136335
70.7192	8.08716e-06	0.0136385
70.745	7.78198e-06	0.0131286
70.7708	7.78198e-06	0.0131334
70.7967	7.78198e-06	0.0131382
70.8225	7.78198e-06	0.013143
70.8483	7.78198e-06	0.0131478
70.8741	7.78198e-06	0.0131526
70.8999	7.78198e-06	0.0131574
70.9257	7.78198e-06	0.0131622
70.9516	7.78198e-06	0.013167
70.9774	7.78198e-06	0.0131717
71.0032	7.78198e-06	0.0131765
71.029	7.78198e-06	0.0131813
71.0548	7.78198e-06	0.0131861
71.0807	7.78198e-06	0.0131909
71.1065	7.78198e-06	0.0131957
71.1323	7.78198e-06	0.0132005
71.1581	7.78198e-06	0.0132053
71.1839	7.78198e-06	0.0132101
71.2097	7.47681e-06	0.0126966
71.2356	7.47681e-06	0.0127012
71.2614	7.47681e-06	0.0127058
71.2872	7.47681e-06	0.0127105
71.313	7.47681e-06	0.0127151
71.3388	7.47681e-06	0.0127197
71.3647	7.47681e-06	0.0127243
71.3905	7.47681e-06	0.0127289
71.4163	7.47681e-06	0.0127335
71.4421	7.47681e-06	0.0127381
71.4679	7.47681e-06	0.0127427
71.4938	7.47681e-06	0.0127473
71.5196	7.47681e-06	0.0127519
71.5454	7.47681e-06	0.0127565
71.5712	7.47681e-06	0.0127611
71.597	7.47681e-06	0.0127657
71.6228	7.47681e-06	0.0127703
71.6487	7.47681e-06	0.0127749
71.6745	7.47681e-06	0.0127795
71.7003	7.17163e-06	0.0122623
71.7261	7.17163e-06	0.0122667
71.7519	7.17163e-06	0.0122711
71.7778	7.17163e-06	0.0122756
71.8036	7.17163e-06	0.01228
71.8294	7.17163e-06	0.0122844
71.8552	7.17163e-06	0.0122888
71.881	7.17163e-06	0.0122932
71.9068	7.17163e-06	0.0122976
71.9327	7.17163e-06	0.0123021
71.9585	7.17163e-06	0.0123065
71.9843	7.17163e-06	0.0123109
72.0101	7.17163e-06	0.0123153
72.0359	7.17163e-06	0.0123197
72.0618	7.17163e-06	0.0123241
72.0876	7.17163e-06	0.0123285
72.1134	7.17163e-06	0.012333
72.1392	7.17163e-06	0.0123374
72.165	7.17163e-06	0.0123418
72.1908	7.17163e-06	0.0123462
72.2167	6.86646e-06	0.0118251
72.2425	6.86646e-06	0.0118293
72.2683	6.86646e-06	0.0118335
72.2941	6.86646e-06	0.0118378
72.3199	6.86646e-06	0.011842
72.3458	6.86646e-06	0.0118462
72.3716	6.86646e-06	0.0118504
72.3974	6.86646e-06	0.0118547
72.4232	6.86646e-06	0.0118589
72.449	6.86646e-06	0.0118631
72.4749	6.86646e-06	0.0118673
72.5007	6.86646e-06	0.0118716
72.5265	6.86646e-06	0.0118758
72.5523	6.86646e-06	0.01188
72.5781	6.86646e-06	0.0118843
72.6039	6.86646e-06	0.0118885
72.6298	6.86646e-06	0.0118927
72.6556	6.86646e-06	0.0118969
72.6814	6.86646e-06	0.0119012
72.7072	6.86646e-06	0.0119054
72.733	6.86646e-06	0.0119096
72.7589	6.86646e-06	0.0119138
72.7847	6.56128e-06	0.0113884
72.8105	6.56128e-06	0.0113924
72.8363	6.56128e-06	0.0113965
72.8621	6.56128e-06	0.0114005
72.8879	6.56128e-06	0.0114045
72.9138	6.56128e-06	0.0114086
72.9396	6.56128e-06	0.0114126
72.9654	6.56128e-06	0.0114167
72.9912	6.56128e-06	0.0114207
73.017	6.56128e-06	0.0114247
73.0429	6.56128e-06	0.0114288
73.0687	6.56128e-06	0.0114328
73.0945	6.56128e-06	0.0114369
73.1203	6.56128e-06	0.0114409
73.1461	6.56128e-06	0.0114449
73.1719	6.56128e-06	0.011449
73.1978	6.56128e-06	0.011453
73.2236	6.56128e-06	0.0114571
73.2494	6.56128e-06	0.0114611
73.2752	6.56128e-06	0.0114651
73.301	6.56128e-06	0.0114692
73.3269	6.56128e-06	0.0114732
73.3527	6.56128e-06	0.0114773
73.3785	6.56128e-06	0.0114813
73.4043	6.2561e-06	0.0109511
73.4301	6.2561e-06	0.010955
73.456	6.2561e-06	0.0109588
73.4818	6.2561e-06	0.0109627
73.5076	6.2561e-06	0.0109666
73.5334	6.2561e-06	0.0109704
73.5592	6.2561e-06	0.0109743
73.585	6.2561e-06	0.0109781
73.6109	6.2561e-06	0.010982
73.6367	6.2561e-06	0.0109858
73.6625	6.2561e-06	0.0109897
73.6883	6.2561e-06	0.0109935
73.7141	6.2561e-06	0.0109974
73.74	6.2561e-06	0.0110012
73.7658	6.2561e-06	0.0110051
73.7916	6.2561e-06	0.0110089
73.8174	6.2561e-06	0.0110128
73.8432	6.2561e-06	0.0110166
73.869	6.2561e-06	0.0110205
73.8949	6.2561e-06	0.0110243
73.9207	6.2561e-06	0.0110282
73.9465	6.2561e-06	0.011032
73.9723	6.2561e-06	0.0110359
73.9981	6.2561e-06	0.0110397
74.024	6.2561e-06	0.0110436
74.0498	6.2561e-06	0.0110474
74.0756	6.02722e-06	0.010647
74.1014	6.02722e-06	0.0106507
74.1272	6.02722e-06	0.0106544
74.1531	6.02722e-06	0.0106581
74.1789	6.02722e-06	0.0106618
74.2047	6.02722e-06	0.0106655
74.2305	6.02722e-06	0.0106692
74.2563	6.02722e-06	0.010673
74.2821	6.02722e-06	0.0106767
74.308	6.02722e-06	0.0106804
74.3338	6.02722e-06	0.0106841
74.3596	6.02722e-06	0.0106878
74.3854	6.02722e-06	0.0106915
74.4112	6.02722e-06	0.0106952
74.4371	5.87463e-06	0.0104281
74.4629	5.87463e-06	0.0104317
74.4887	5.87463e-06	0.0104353
74.5145	5.87463e-06	0.0104389
74.5403	5.87463e-06	0.0104425
74.5661	5.87463e-06	0.0104462
74.592	5.87463e-06	0.0104498
74.6178	5.87463e-06	0.0104534
74.6436	5.87463e-06	0.010457
74.6694	5.87463e-06	0.0104606
74.6952	5.87463e-06	0.0104642
74.7211	5.87463e-06	0.0104679
74.7469	5.87463e-06	0.0104715
74.7727	5.87463e-06	0.0104751
74.7985	5.72205e-06	0.0102065
74.8243	5.72205e-06	0.0102101
74.8501	5.72205e-06	0.0102136
74.876	5.72205e-06	0.0102171
74.9018	5.72205e-06	0.0102206
74.9276	5.72205e-06	0.0102242
74.9534	5.72205e-06	0.0102277
74.9792	5.72205e-06	0.0102312
75.0051	5.72205e-06	0.0102347
75.0309	5.72205e-06	0.0102382
75.0567	5.72205e-06	0.0102418
75.0825	5.72205e-06	0.0102453
75.1083	5.72205e-06	0.0102488
75.1342	5.72205e-06	0.0102523
75.16	5.72205e-06	0.0102559
75.1858	5.56946e-06	0.0099858
75.2116	5.56946e-06	0.00998923
75.2374	5.56946e-06	0.00999266
75.2632	5.56946e-06	0.00999609
75.2891	5.56946e-06	0.00999952
75.3149	5.56946e-06	0.0100029
75.3407	5.56946e-06	0.0100064
75.3665	5.56946e-06	0.0100098
75.3923	5.56946e-06	0.0100132
75.4182	5.56946e-06	0.0100167
75.444	5.56946e-06	0.0100201
75.4698	5.56946e-06	0.0100235
75.4956	5.56946e-06	0.010027
75.5214	5.56946e-06	0.0100304
75.5472	5.56946e-06	0.0100338
75.5731	5.56946e-06	0.0100372
75.5989	5.41687e-06	0.00976558
75.6247	5.41687e-06	0.00976892
75.6505	5.41687e-06	0.00977225
75.6763	5.41687e-06	0.00977559
75.7022	5.41687e-06	0.00977892
75.728	5.41687e-06	0.00978226
75.7538	5.41687e-06	0.00978559
75.7796	5.41687e-06	0.00978893
75.8054	5.41687e-06	0.00979226
75.8312	5.41687e-06	0.0097956
75.8571	5.41687e-06	0.00979893
75.8829	5.41687e-06	0.00980227
75.9087	5.41687e-06	0.0098056
75.9345	5.41687e-06	0.00980894
75.9603	5.41687e-06	0.00981227
75.9862	5.41687e-06	0.00981561
76.012	5.41687e-06	0.00981894
76.0378	5.26428e-06	0.0095456
76.0636	5.26428e-06	0.00954884
76.0894	5.26428e-06	0.00955208
76.1153	5.26428e-06	0.00955532
76.1411	5.26428e-06	0.00955856
76.1669	5.26428e-06	0.0095618
76.1927	5.26428e-06	0.00956504
76.2185	5.26428e-06	0.00956829
76.2443	5.26428e-06	0.00957153
76.2702	5.26428e-06	0.00957477
76.296	5.26428e-06	0.00957801
76.3218	5.26428e-06	0.00958125
76.3476	5.26428e-06	0.00958449
76.3734	5.26428e-06	0.00958773
76.3993	5.26428e-06	0.00959097
76.4251	5.26428e-06	0.00959422
